4999
1 136
1 649
1 348
0 3
1 875
0 1
1 990
1 506
0 1
0 1
0 1
1 36
0 3
1 806
1 188
0 3
0 1
1 233
0 2
1 458
1 429
1 311
0 2
1 265
1 127
0 2
1 940
0 1
0 1
1 137
1 577
0 3
0 1
0 0
1 748
1 97
0 1
1 272
0 0
1 227
1 336
0 1
1 683
0 1
0 2
0 1
0 3
1 89
1 70
1 564
1 41
1 478
0 1
1 948
1 680
0 3
0 0
1 36
1 283
1 24
0 3
1 665
0 0
0 1
0 1
1 658
1 47
0 2
0 0
1 219
0 3
1 266
1 986
1 573
1 830
1 930
0 2
0 0
1 353
0 3
1 836
1 595
0 3
1 835
0 1
1 742
0 0
0 2
0 0
0 0
1 189
0 1
1 169
0 0
0 1
1 265
0 0
1 49
1 243
1 370
0 3
1 301
0 0
1 901
0 0
1 121
0 1
0 3
0 0
1 166
1 60
1 413
0 0
0 2
1 880
1 151
0 1
1 386
1 525
1 709
0 3
1 477
0 2
0 1
1 928
0 3
0 0
0 3
0 0
1 539
0 3
0 3
0 1
1 888
1 341
1 977
0 2
0 1
1 359
1 671
0 1
1 654
1 177
1 711
1 217
0 0
1 549
1 982
0 1
1 314
1 984
1 46
0 2
1 783
1 829
1 113
0 2
0 0
0 3
0 0
1 473
1 403
0 2
0 0
0 1
1 861
0 1
1 742
0 1
1 92
0 1
0 1
0 3
0 1
0 1
0 0
1 914
0 1
0 0
0 0
0 1
1 226
0 0
1 251
1 827
1 114
1 793
1 92
0 0
0 1
0 2
1 160
0 0
0 0
1 190
0 1
0 0
1 75
1 145
0 2
0 1
1 700
1 345
0 0
0 1
1 568
1 908
1 116
0 3
0 1
0 1
1 379
0 0
1 140
1 831
0 1
1 708
1 154
1 769
1 516
0 1
0 1
0 1
0 2
0 0
1 245
1 253
1 196
1 425
1 847
1 108
1 513
1 594
1 353
1 567
0 1
0 0
1 88
0 0
0 2
0 3
0 0
1 146
1 404
1 586
0 0
1 806
0 2
0 1
0 1
1 794
1 257
1 601
0 1
0 1
0 0
1 10
0 1
0 1
1 882
0 1
0 0
0 0
1 265
0 0
0 1
1 457
0 0
1 276
0 0
1 738
0 0
1 715
1 371
1 922
0 0
0 1
0 1
1 463
1 754
1 168
1 441
1 256
1 631
1 375
0 1
0 1
1 322
0 1
0 2
1 509
1 37
1 992
1 662
0 0
0 2
1 366
0 0
1 4
0 2
1 768
0 3
1 622
1 169
0 0
1 750
1 911
1 678
0 1
1 918
1 402
0 2
0 1
1 342
0 0
0 1
0 0
1 332
1 884
1 375
1 896
1 327
0 1
0 2
1 742
0 3
1 292
0 2
1 377
1 826
0 0
1 14
0 2
1 917
1 517
1 728
1 57
1 908
1 602
1 38
0 1
0 2
0 3
0 2
0 0
0 1
0 0
1 1
1 664
0 3
0 0
1 510
1 755
0 3
0 2
0 0
0 1
0 1
0 1
1 589
1 479
1 111
1 936
0 1
1 847
0 1
0 2
1 701
1 582
1 273
1 613
0 3
0 1
0 1
0 0
0 1
1 631
0 1
0 3
1 19
0 0
0 2
0 0
1 789
1 189
1 52
0 3
1 490
0 2
0 3
1 320
1 396
0 3
0 0
1 465
0 1
0 1
1 385
0 0
0 1
0 1
1 48
0 0
0 1
0 0
1 101
1 435
1 912
1 42
0 1
1 427
0 1
1 545
0 2
1 406
1 88
0 2
0 0
0 0
0 1
0 0
0 0
1 886
0 3
1 62
1 94
1 941
0 0
1 455
0 2
0 3
1 870
0 2
1 19
0 2
0 1
1 477
1 747
1 44
0 2
0 1
1 280
0 0
1 607
1 66
1 398
0 3
1 821
0 0
1 302
0 2
1 60
1 752
0 1
1 269
1 796
0 1
0 1
1 38
1 653
0 3
0 0
0 1
1 670
0 0
1 95
0 1
0 1
1 188
1 278
0 0
0 1
0 1
0 3
0 0
1 858
1 617
1 675
1 500
1 745
1 739
1 604
1 129
0 1
0 0
0 3
1 175
0 0
1 47
0 1
0 1
1 143
0 1
1 922
0 0
0 2
0 0
0 1
1 950
0 1
1 584
0 0
0 1
1 646
1 194
0 2
0 0
1 750
0 1
1 989
1 156
1 581
0 1
0 2
1 786
0 0
0 1
1 42
1 274
1 990
0 1
1 464
0 2
0 1
1 782
0 3
1 805
1 610
0 0
1 521
0 3
1 986
1 323
0 2
1 863
0 0
0 0
0 1
0 0
1 605
1 165
1 303
1 689
1 9
0 0
1 874
1 840
0 2
0 3
0 2
0 1
0 2
0 1
1 267
0 1
1 174
0 0
1 774
0 1
1 702
1 799
1 85
0 3
0 3
0 1
1 552
0 0
1 248
1 702
1 234
1 306
0 0
0 3
1 59
1 64
0 2
0 1
1 727
1 631
0 3
1 724
0 3
0 1
1 365
0 1
1 854
0 0
0 2
0 0
1 513
0 1
1 615
1 705
0 2
0 0
1 844
1 48
0 2
1 239
1 207
0 2
1 200
0 3
0 3
0 1
1 560
0 0
1 455
1 650
1 374
1 382
0 3
0 0
0 1
0 1
1 58
0 0
1 924
1 930
1 991
0 1
0 2
0 0
1 374
0 1
1 479
1 15
0 1
1 842
0 0
1 214
0 0
0 1
1 248
0 0
1 737
0 0
1 699
0 0
1 72
1 315
1 793
0 0
0 1
0 0
1 409
1 753
1 48
0 0
0 3
1 270
0 1
1 89
1 366
1 64
1 611
0 3
0 2
1 499
1 658
0 3
0 2
1 311
0 2
0 1
0 1
1 835
0 2
0 1
1 144
1 893
1 370
1 679
0 1
1 183
0 0
0 1
0 0
1 203
0 1
0 1
1 870
0 0
1 449
0 0
1 282
0 0
1 154
0 0
1 914
1 633
1 559
1 687
0 0
0 3
0 0
0 1
1 182
0 1
1 636
0 0
1 49
0 0
1 22
0 1
1 230
1 468
0 0
0 0
1 837
1 439
0 0
1 385
1 232
0 0
0 0
0 0
1 616
1 594
1 338
1 791
0 2
0 0
0 3
0 2
1 760
1 321
0 0
0 3
1 716
0 0
1 880
1 816
1 101
1 840
0 3
1 482
1 301
1 889
1 833
1 168
1 186
0 0
1 720
0 2
1 55
0 3
0 0
1 188
1 870
1 267
0 3
0 3
1 637
1 79
1 578
1 153
1 428
0 2
1 41
0 3
0 3
0 0
1 664
1 799
0 2
0 1
0 0
1 607
0 1
0 0
0 1
0 1
1 81
0 0
1 578
1 905
1 502
1 782
0 0
0 0
1 999
0 0
1 270
1 755
0 0
1 553
1 64
0 1
0 3
1 518
1 22
1 948
1 316
1 771
1 681
1 600
1 17
0 0
0 0
0 3
0 0
1 673
1 961
0 1
0 2
1 203
0 0
0 0
0 0
0 1
0 1
0 0
1 259
0 1
1 814
0 0
0 1
1 855
0 0
1 987
1 924
0 1
0 3
1 470
0 2
0 0
0 0
0 0
0 1
0 1
1 264
1 289
1 730
1 198
0 3
1 57
0 1
1 620
0 2
1 168
1 924
0 3
0 0
1 438
1 46
0 3
1 587
1 187
0 0
0 3
0 2
0 1
0 2
1 714
0 0
0 1
0 0
0 1
1 241
1 551
1 770
1 667
0 2
0 1
0 1
0 0
1 660
1 174
0 1
0 3
1 404
1 843
1 169
1 682
0 3
1 878
0 0
1 595
0 0
1 534
1 296
1 240
0 3
1 333
1 173
0 3
0 0
1 149
1 554
1 545
1 594
1 449
1 976
0 2
1 684
1 70
0 1
1 586
0 3
0 3
0 0
1 188
0 1
1 819
1 78
1 279
1 795
0 2
0 3
0 2
1 401
0 1
1 882
1 631
0 2
1 937
1 77
0 2
1 262
1 854
0 0
0 1
0 1
0 1
1 885
0 0
1 351
1 266
1 677
1 712
1 47
0 1
1 743
0 2
1 80
0 3
1 367
0 3
1 99
1 60
0 2
0 0
1 304
1 481
1 993
0 3
0 2
0 0
0 3
0 0
1 878
1 248
1 347
0 0
1 752
1 55
0 1
0 2
0 1
0 1
1 708
0 3
1 285
1 692
0 1
0 2
1 730
0 0
0 0
1 220
0 0
1 253
1 649
1 689
0 2
0 3
1 369
0 3
0 1
1 907
0 1
0 1
1 751
0 1
1 83
1 706
1 28
0 1
0 3
1 591
1 625
0 1
1 888
1 636
1 470
1 211
0 1
1 485
1 558
1 590
1 235
1 724
1 619
1 425
1 67
0 1
1 110
1 908
0 0
0 2
1 566
0 0
1 457
1 831
1 846
0 3
0 2
1 583
0 1
1 463
1 104
1 419
0 3
1 765
0 2
1 715
0 1
1 900
1 114
0 0
1 399
0 2
0 1
1 354
1 730
1 175
1 626
1 495
0 3
0 1
0 2
1 881
0 3
0 3
1 230
0 0
0 1
0 1
0 0
1 616
0 1
0 0
1 194
1 466
0 0
0 1
1 507
1 372
0 2
0 1
0 1
0 0
1 573
1 252
1 444
0 1
0 2
0 0
1 217
0 0
0 0
1 328
0 1
1 837
1 496
1 660
1 222
0 2
1 273
0 0
0 1
0 0
1 321
0 0
1 449
0 1
0 1
1 919
0 1
1 980
1 670
1 147
0 2
0 3
1 739
0 3
1 444
1 246
1 770
0 3
1 970
0 2
1 884
1 394
1 389
1 741
1 786
0 3
0 0
1 309
1 5
1 732
0 0
0 2
0 0
0 3
0 1
1 878
0 2
0 2
1 829
0 3
1 717
1 313
1 430
0 1
1 393
0 0
1 663
1 429
1 376
0 3
1 719
1 519
0 1
0 0
0 3
1 503
0 2
1 741
0 0
0 2
0 0
0 2
0 2
0 1
0 2
1 245
1 168
0 2
1 623
1 679
0 3
1 476
0 1
0 1
1 202
1 952
0 1
1 555
1 695
0 0
1 476
1 333
1 391
0 0
1 531
1 630
0 0
1 350
0 1
1 623
0 1
1 654
0 3
1 660
0 2
0 1
1 502
1 534
0 1
1 813
1 356
1 674
1 331
1 878
1 661
0 3
0 2
1 610
0 1
0 2
0 0
1 999
0 0
1 306
1 78
1 216
1 594
0 0
0 0
0 3
0 0
1 930
1 973
0 3
0 2
0 1
0 0
1 941
0 3
0 0
0 1
1 264
0 1
1 808
0 2
1 201
0 0
0 1
1 665
1 825
0 3
1 389
0 1
1 576
0 1
0 1
0 1
0 1
0 1
0 1
1 889
0 3
0 0
0 0
0 0
0 1
0 0
0 0
1 831
1 86
0 0
0 2
0 2
0 2
0 2
1 726
0 0
1 868
0 0
1 982
0 0
1 656
1 172
1 522
0 0
0 0
1 58
0 1
0 1
0 2
0 1
1 252
1 265
0 2
1 266
0 3
0 1
0 1
0 1
0 1
0 0
1 538
0 3
1 787
1 693
1 267
0 3
0 2
1 0
1 603
0 2
1 707
0 2
0 0
0 3
1 150
0 1
0 1
1 30
1 167
1 999
1 810
0 0
0 0
0 0
1 934
1 336
0 3
0 3
1 718
1 291
0 0
1 467
1 862
0 1
0 2
0 0
1 69
0 0
0 1
1 100
1 554
0 1
0 0
1 617
1 816
0 3
1 631
1 604
1 141
1 702
1 381
0 3
0 2
1 877
0 2
1 875
0 1
0 1
0 0
0 1
1 951
1 476
0 2
1 893
0 0
0 3
1 478
1 620
0 2
0 0
0 1
1 251
0 1
0 0
0 3
1 913
1 890
1 444
0 1
0 3
0 2
1 686
1 776
1 340
0 2
0 0
1 573
0 0
0 3
1 245
1 938
1 794
1 662
1 403
1 261
1 764
0 0
0 3
1 448
1 7
1 745
1 635
0 2
0 1
0 1
1 360
0 0
1 834
0 0
1 330
1 82
1 699
0 2
0 1
1 485
0 1
1 496
1 470
0 2
1 62
0 1
1 924
1 948
0 3
1 686
1 384
0 3
1 307
0 3
0 2
0 1
0 1
0 0
1 903
1 345
0 0
0 3
1 700
1 32
1 533
1 517
1 285
0 3
0 0
0 2
1 408
0 1
1 783
0 3
1 258
0 0
1 8
0 2
1 690
1 303
1 373
0 0
0 0
1 229
0 1
1 116
1 8
1 100
0 0
1 376
1 521
1 374
1 136
1 459
1 58
0 2
0 1
0 1
0 1
0 1
0 0
0 1
0 1
1 29
0 3
1 170
1 618
1 828
0 0
0 2
0 1
0 1
1 353
0 3
1 818
0 3
0 1
1 111
0 3
1 28
0 1
1 484
1 228
0 2
1 472
0 0
0 0
1 467
0 3
1 782
0 2
0 0
1 683
1 964
1 515
1 610
1 262
1 790
1 721
0 0
1 714
1 356
0 1
1 565
0 2
0 3
1 651
1 702
1 473
0 3
1 285
1 114
0 2
1 792
0 3
1 841
1 318
0 2
1 538
1 201
0 3
0 2
1 588
1 966
1 201
0 1
1 683
1 894
1 540
0 1
1 874
1 498
0 1
0 1
0 1
1 414
1 306
1 401
0 2
0 3
1 60
1 856
0 2
1 475
0 3
0 0
1 449
1 262
0 0
1 66
1 439
0 2
1 251
1 743
0 3
1 962
1 722
1 154
0 3
0 1
1 222
1 579
1 990
1 95
0 1
0 3
0 1
1 555
1 471
1 946
0 0
0 0
0 0
0 3
0 1
1 358
1 298
0 0
1 322
1 942
0 2
0 0
0 3
0 2
0 0
1 870
1 487
1 549
1 723
1 148
1 38
0 2
0 1
1 392
0 1
1 452
0 0
1 838
1 896
1 888
0 2
1 744
0 1
1 692
1 998
1 237
0 2
1 420
1 937
0 2
0 1
0 1
0 1
0 1
1 216
0 0
1 201
1 867
0 0
0 1
0 1
0 1
0 1
0 0
0 0
0 3
0 0
1 540
0 2
1 562
0 1
0 3
1 873
0 3
1 731
0 0
1 963
1 856
1 201
0 1
1 790
0 3
1 816
1 71
0 2
1 331
1 311
1 302
1 882
1 819
0 1
1 180
1 741
0 0
1 315
0 0
1 485
1 875
0 0
0 3
1 851
1 444
1 864
1 824
0 2
1 939
1 721
1 488
1 271
0 2
0 0
0 3
0 2
0 1
1 371
1 844
0 2
0 0
1 416
1 490
0 3
0 1
0 3
0 2
0 2
0 0
0 2
1 531
1 380
0 0
1 436
0 0
0 3
0 3
1 64
1 149
0 2
0 1
0 0
0 0
1 543
1 790
1 664
0 1
1 623
1 423
0 1
1 68
1 932
0 1
1 468
1 431
0 1
0 1
0 0
0 0
1 428
0 1
0 1
0 0
0 3
1 263
1 278
0 1
0 1
1 170
1 23
0 2
1 68
1 500
0 1
0 0
1 174
1 93
1 641
0 3
1 839
0 2
0 1
0 0
1 578
1 627
1 994
0 0
1 190
1 78
1 665
0 2
0 0
1 686
0 0
1 61
1 317
1 924
1 153
0 0
1 711
0 2
1 724
1 894
0 1
0 1
1 937
1 798
1 402
1 335
1 38
0 0
0 0
0 0
1 708
0 0
0 0
0 0
0 1
1 319
1 42
0 0
0 1
1 476
1 495
1 766
1 348
1 848
1 483
1 797
1 487
0 3
1 202
0 0
1 4
1 196
1 611
1 155
0 2
1 864
1 360
1 899
1 989
1 141
1 924
1 641
0 3
0 0
1 860
1 956
1 574
0 3
0 3
1 129
0 2
1 29
1 56
0 2
1 736
1 315
0 3
0 3
0 0
1 30
1 729
1 701
1 646
1 256
1 146
0 3
1 434
1 343
1 985
1 641
0 0
1 842
1 124
1 47
1 422
0 3
0 1
0 0
0 1
0 0
0 1
1 969
1 805
0 1
0 1
0 0
1 443
0 2
0 1
0 1
1 729
1 667
1 574
1 836
1 7
1 243
1 824
0 3
0 2
1 616
0 3
1 854
1 499
1 658
1 259
0 1
1 617
1 510
1 944
0 2
1 100
1 75
0 0
0 1
0 3
0 1
0 0
1 519
1 649
1 418
0 2
1 92
0 1
0 0
1 475
0 3
0 0
1 762
0 0
1 582
0 0
1 188
1 913
1 830
1 627
1 729
0 2
1 814
1 54
1 12
1 841
1 151
1 748
0 1
0 2
1 730
0 0
1 845
1 919
0 1
0 1
1 868
1 655
1 7
0 3
1 29
0 2
0 3
1 753
0 2
0 1
1 241
1 536
1 340
0 0
0 3
1 916
1 572
0 0
0 3
1 763
0 3
1 193
1 228
0 1
1 90
0 0
1 887
0 3
0 0
0 0
0 0
1 802
1 260
0 2
1 507
1 338
1 558
1 738
0 2
0 0
1 664
1 559
0 0
0 1
1 925
0 0
0 3
1 899
0 3
0 2
0 2
0 2
0 1
1 744
0 2
1 597
1 35
0 2
0 0
0 1
1 652
1 962
0 0
1 885
0 3
1 571
1 466
0 2
0 0
0 1
0 0
1 66
0 0
0 0
1 173
0 1
0 0
1 628
0 1
0 0
1 854
0 0
1 128
1 426
1 903
0 0
1 452
1 692
1 932
0 2
1 450
0 0
0 1
0 1
1 954
1 793
0 0
1 972
0 1
1 51
1 559
1 833
0 1
1 563
1 369
1 136
1 562
1 961
0 1
1 782
0 2
0 1
1 285
0 3
1 253
0 3
1 894
0 1
0 2
1 360
1 782
1 899
1 251
1 626
1 936
1 474
1 93
0 0
1 536
1 710
0 1
1 713
0 2
0 1
0 0
1 555
0 3
1 618
0 3
1 153
0 0
0 3
1 814
0 2
0 1
1 604
0 1
1 25
1 140
0 0
1 40
1 753
1 466
1 226
1 660
0 3
1 594
1 907
1 832
1 255
1 216
1 941
1 563
0 3
0 2
1 552
0 3
1 402
0 3
0 0
0 2
1 227
0 1
1 880
0 1
0 3
1 21
0 2
1 903
1 106
0 3
0 0
1 418
0 1
0 2
1 900
0 0
0 1
1 879
0 1
1 156
0 3
0 0
0 0
1 228
1 453
0 0
1 709
0 1
0 1
0 0
1 595
0 0
0 1
0 0
1 304
1 335
0 1
0 2
1 27
1 260
1 156
0 3
1 186
0 1
1 417
0 2
0 1
0 3
1 18
0 3
1 681
1 904
0 2
1 378
0 0
0 2
1 978
0 0
0 2
1 349
1 466
0 0
1 413
0 3
1 437
0 1
0 0
0 3
1 403
1 471
0 0
0 3
0 1
1 852
0 0
0 0
0 1
0 1
1 603
0 1
1 622
1 346
0 1
1 313
1 287
1 922
0 1
1 683
0 2
1 25
0 1
1 111
0 1
0 1
0 1
0 0
0 0
0 0
0 0
1 712
0 1
0 1
0 0
0 0
0 0
1 132
0 1
1 438
1 330
1 946
0 3
0 0
1 118
1 280
0 1
1 679
1 662
1 644
1 148
1 308
0 0
0 0
1 739
0 2
1 261
0 0
1 88
0 1
0 1
1 412
0 1
0 0
0 0
0 1
0 0
1 522
0 1
1 529
1 552
1 848
1 70
1 618
1 398
1 618
0 1
0 2
1 550
1 894
1 994
1 746
0 0
0 3
0 0
1 778
1 812
0 3
1 544
1 53
1 612
1 135
0 3
0 2
1 498
0 2
0 1
1 977
1 215
1 112
0 1
0 0
0 0
0 0
1 798
1 586
0 3
0 1
0 1
1 21
0 1
1 588
0 0
1 914
0 1
0 1
1 371
0 0
0 1
0 1
0 0
1 734
0 1
1 297
1 114
0 3
0 2
0 0
1 34
1 332
1 755
0 1
1 751
0 0
0 1
0 0
0 0
1 540
0 0
1 939
0 0
0 0
0 1
0 0
1 91
1 168
1 882
1 302
1 832
0 1
1 28
0 0
1 883
0 1
0 1
0 0
1 383
1 329
0 1
1 52
0 3
1 594
1 684
0 1
1 177
1 317
0 0
0 0
0 0
1 959
0 2
1 438
0 0
0 1
0 0
0 1
1 808
1 511
1 994
1 223
0 2
1 156
0 0
0 0
0 0
1 356
1 363
0 0
0 0
1 713
1 267
0 3
0 2
0 3
0 2
1 730
1 389
0 3
1 973
0 1
0 1
1 470
1 211
1 985
1 604
0 2
1 994
1 944
1 7
0 0
1 585
0 2
1 294
0 1
1 569
0 0
0 3
0 2
0 0
1 679
1 133
0 2
0 1
0 1
1 74
1 139
0 3
1 778
1 138
1 546
0 0
1 34
1 649
0 2
1 890
0 0
1 778
1 956
1 308
1 242
1 375
0 2
0 0
0 0
1 960
0 3
1 369
0 0
1 478
0 0
1 345
1 99
0 1
1 432
1 202
0 2
0 1
1 679
1 319
0 0
1 591
1 238
1 845
1 721
0 1
1 519
1 534
1 279
0 1
1 81
0 1
0 0
1 216
1 513
0 0
1 77
1 831
1 75
0 1
1 632
1 717
0 1
0 0
1 110
0 1
0 2
0 0
0 3
1 988
0 2
1 158
0 2
1 423
1 43
1 617
1 671
1 755
1 713
0 3
0 1
1 464
1 460
1 268
1 356
0 3
0 0
1 434
1 698
0 0
0 2
0 0
1 413
1 482
1 274
1 35
0 1
0 0
1 449
1 198
0 0
1 728
0 0
0 0
1 743
1 667
1 763
0 3
1 562
0 3
0 2
0 0
1 421
1 988
1 520
1 787
0 1
0 2
1 570
0 1
1 869
1 998
0 3
0 1
1 174
1 745
0 2
0 1
1 38
1 275
0 3
1 218
1 70
0 0
1 392
1 830
0 2
1 471
1 995
0 3
0 0
1 651
1 28
1 754
0 2
0 1
1 790
0 0
1 201
0 1
1 626
1 907
1 410
1 516
1 586
1 121
1 603
1 430
1 82
1 535
1 583
0 0
1 131
0 1
1 375
1 363
1 126
0 1
0 1
0 3
1 529
1 307
1 57
0 3
0 2
1 355
1 838
0 3
0 2
0 0
1 238
0 2
0 3
0 1
0 0
1 562
0 0
0 0
1 716
0 3
0 1
0 2
0 3
0 0
1 643
1 509
1 396
1 8
0 2
0 1
1 747
0 0
1 187
1 960
0 3
0 1
1 320
0 2
0 1
0 1
0 1
1 347
1 178
0 3
1 832
1 760
0 2
0 0
0 3
1 734
0 1
0 0
0 1
0 1
1 141
1 270
0 0
0 1
0 1
1 139
1 180
0 3
0 1
1 605
1 138
0 3
1 542
0 1
1 435
0 1
0 1
0 0
1 889
0 0
0 1
0 0
0 3
0 2
1 728
0 2
1 684
0 2
0 0
0 0
0 1
1 308
1 522
1 393
0 3
0 1
0 0
0 1
1 707
1 898
0 1
0 1
1 155
0 0
0 2
0 0
0 3
1 507
1 622
1 427
1 694
0 1
1 379
0 1
0 0
1 290
0 1
0 0
0 2
1 549
0 0
0 0
0 1
1 594
1 773
1 245
1 438
0 3
0 2
0 2
1 642
0 2
0 1
0 1
0 1
0 3
0 0
0 3
0 2
0 1
1 714
0 2
1 412
0 0
0 0
1 747
1 570
1 672
0 1
0 2
1 386
1 987
1 295
0 0
0 2
1 988
1 133
1 870
1 691
0 1
0 3
0 0
1 906
1 655
1 674
0 0
1 322
0 2
0 3
0 1
0 1
0 1
0 1
0 0
0 1
0 1
0 1
1 743
1 530
1 215
0 3
1 933
0 0
0 2
0 0
0 1
1 859
0 3
1 817
1 271
1 452
0 0
1 239
1 742
0 0
0 1
1 824
1 838
1 323
0 0
1 182
1 912
1 69
1 613
1 612
1 512
1 555
0 1
1 717
1 533
0 3
1 956
1 599
1 922
1 159
1 93
1 753
1 606
1 46
0 1
1 179
1 110
0 3
0 1
1 92
1 448
0 2
1 463
0 1
1 739
1 509
0 3
0 3
1 719
0 3
0 1
1 210
1 377
0 2
0 0
0 0
0 3
1 562
1 437
0 3
1 19
0 3
0 2
0 1
1 941
1 809
0 1
0 2
1 142
0 0
1 992
1 194
0 1
0 3
0 3
0 1
0 1
0 3
0 1
1 902
1 570
0 2
1 691
1 549
1 960
1 482
0 0
0 1
0 0
0 0
1 954
1 753
1 39
0 2
1 794
0 1
0 0
1 848
0 0
1 576
1 162
1 854
1 728
0 2
1 987
0 0
1 732
0 3
0 1
1 973
0 1
0 0
1 230
0 0
0 0
0 3
0 2
0 1
1 162
0 1
1 762
0 3
1 45
1 813
1 933
1 402
0 2
1 19
0 3
1 740
0 0
0 0
1 813
1 279
0 3
0 2
0 0
1 969
0 3
0 0
1 68
1 523
0 3
0 0
0 1
0 3
0 1
1 672
0 1
1 487
0 3
0 1
0 0
0 1
1 883
1 968
1 790
0 2
1 435
1 590
0 2
1 179
0 1
1 261
1 907
0 2
0 1
1 822
1 847
0 2
1 575
0 0
1 703
0 0
0 0
1 692
0 3
0 1
1 989
1 434
0 0
1 158
0 2
0 1
0 0
1 53
0 0
1 158
0 0
0 0
0 1
1 415
1 232
0 1
1 522
1 691
0 2
0 0
0 1
0 0
0 0
1 225
1 274
1 931
1 187
0 2
1 558
1 858
1 79
0 2
1 207
1 151
1 87
0 3
0 0
0 1
0 3
1 84
0 3
0 1
0 0
0 0
0 0
0 0
1 937
1 75
0 3
1 753
1 719
0 1
1 119
0 1
0 0
0 0
0 0
1 399
1 824
0 3
0 2
1 453
1 193
0 1
1 700
0 1
0 0
0 0
0 0
1 787
0 0
1 174
0 3
0 0
1 907
0 3
0 2
1 626
0 1
1 33
1 392
1 940
0 0
1 203
1 511
0 2
0 0
0 0
0 1
1 66
1 994
0 3
1 577
0 3
1 505
0 1
1 845
0 1
0 0
0 0
1 663
1 517
1 588
1 497
0 0
0 2
0 0
1 736
0 1
1 205
1 220
1 846
1 177
1 326
0 1
0 1
1 622
1 72
1 895
0 2
1 898
1 913
1 989
1 303
1 924
1 870
0 3
0 3
0 2
0 1
0 1
1 12
0 1
1 642
0 0
1 542
1 739
1 778
0 3
1 199
1 731
0 0
0 1
0 1
0 1
0 0
1 60
0 3
1 750
1 582
1 241
0 2
0 3
0 1
1 503
1 340
0 2
1 500
0 1
1 764
1 165
0 0
1 409
0 3
0 2
1 60
1 880
1 613
1 488
0 0
0 0
0 2
0 1
0 0
0 0
1 316
0 0
1 661
1 244
1 352
0 0
0 0
1 904
0 0
1 0
0 1
0 1
1 243
1 280
1 686
1 896
1 894
1 568
1 418
1 18
1 90
1 531
0 3
0 0
0 3
0 0
0 2
1 779
0 3
1 116
0 1
1 447
0 2
0 0
1 151
0 0
0 3
0 2
1 673
1 114
1 256
0 3
1 409
0 3
1 634
0 2
1 998
0 2
0 1
1 501
1 825
0 2
1 261
0 3
1 567
1 723
0 1
0 2
1 540
0 1
1 611
1 740
0 2
1 690
0 0
1 639
0 3
0 0
1 135
0 0
1 27
0 0
1 291
1 376
0 2
0 0
0 1
0 0
1 72
1 894
1 474
1 875
0 2
1 208
0 1
0 1
0 1
1 395
1 240
1 743
0 2
1 38
0 1
1 540
0 3
0 2
1 45
1 427
1 777
0 2
0 1
1 38
0 1
0 0
0 0
0 1
0 0
0 1
0 3
1 15
0 1
1 131
1 236
1 505
1 522
0 1
0 0
0 0
1 668
0 1
1 987
1 716
0 0
0 2
0 1
1 200
0 3
1 440
0 0
1 627
0 1
0 1
0 0
0 0
1 507
0 3
1 534
1 469
1 157
0 0
1 156
1 678
0 2
0 0
0 1
0 1
0 0
1 616
1 747
0 0
1 657
0 1
0 1
1 836
0 0
1 174
0 0
1 165
0 0
1 436
0 3
1 912
0 1
1 601
0 0
1 532
0 2
1 467
0 1
0 0
0 0
1 215
0 1
1 407
0 1
1 514
1 392
0 0
0 0
1 9
0 0
1 902
0 0
0 0
1 920
1 584
0 3
1 232
1 932
0 3
0 0
1 885
0 2
1 811
1 682
0 1
0 3
0 2
0 1
0 1
1 885
1 634
0 0
1 363
1 254
1 244
0 1
0 2
1 570
1 953
0 2
0 1
1 540
0 1
1 437
1 618
1 654
1 956
1 442
1 199
1 564
1 105
0 0
0 0
0 2
1 546
0 1
0 3
0 0
0 2
0 3
0 1
1 803
0 1
0 0
1 768
1 695
0 3
1 207
1 209
0 3
0 1
0 2
1 875
1 729
0 1
1 900
1 821
0 0
1 529
1 817
1 291
1 125
1 517
0 1
1 509
0 0
0 3
1 949
0 1
1 901
1 538
0 0
0 0
1 155
1 695
0 3
0 0
0 0
0 1
0 1
0 3
1 382
1 576
1 857
1 604
1 220
1 252
1 412
0 2
1 974
1 72
1 27
0 3
1 651
0 1
1 716
1 117
1 770
1 904
0 3
1 151
1 519
0 3
1 410
0 1
0 1
0 0
1 732
0 0
1 903
1 185
0 2
1 33
0 3
0 3
1 374
0 1
0 1
0 2
1 579
1 342
0 1
1 722
1 401
1 944
0 2
0 0
1 288
0 1
1 470
1 676
1 410
0 2
0 3
1 503
1 152
1 722
0 1
1 46
0 0
0 1
1 331
0 3
0 1
1 13
1 725
1 857
0 2
1 906
1 874
0 2
1 428
1 399
1 983
1 492
1 643
1 875
0 3
1 92
0 2
1 697
0 0
0 2
0 3
0 2
1 582
1 432
0 0
0 0
0 2
1 226
1 326
0 1
1 572
0 2
0 1
1 96
0 1
0 3
1 357
0 2
1 280
1 97
1 557
0 1
1 122
1 802
1 828
1 901
0 3
1 24
0 0
1 473
1 104
0 2
1 578
0 1
1 360
1 486
0 0
0 1
0 3
0 2
1 597
0 1
1 699
1 681
1 178
1 173
0 1
1 281
1 363
1 561
0 0
1 587
0 1
1 794
1 169
1 915
1 312
0 0
0 3
0 0
0 0
0 0
1 300
0 3
0 0
1 50
1 503
0 0
0 2
1 258
1 873
1 533
1 41
0 3
0 3
0 1
1 251
0 1
0 1
0 3
0 1
0 0
1 428
0 1
0 2
1 705
0 0
0 0
1 451
1 797
1 12
1 146
1 336
1 426
0 0
0 0
0 2
0 3
0 2
1 327
0 1
0 0
0 1
0 1
0 1
0 1
1 976
1 355
1 870
1 399
0 1
1 811
1 665
1 373
1 7
0 2
1 922
1 168
1 756
1 977
0 1
1 875
1 421
0 2
1 53
0 1
1 140
0 1
0 0
1 822
0 1
0 3
0 0
1 401
1 965
1 615
1 367
1 698
0 3
0 2
1 440
1 743
1 79
0 1
0 3
0 1
0 1
0 3
0 0
1 603
1 248
1 983
0 1
1 427
1 359
0 3
0 2
1 276
0 2
0 1
0 0
0 0
0 1
1 660
1 123
1 764
1 447
0 1
0 2
0 1
0 0
1 474
0 1
0 0
1 277
0 0
1 964
0 1
1 632
1 265
1 995
0 0
0 2
0 0
1 688
0 1
1 251
1 129
1 307
1 219
0 0
1 117
1 851
0 0
0 1
1 382
0 1
0 1
0 2
0 1
0 0
1 112
0 0
1 299
1 322
1 915
0 0
0 3
1 969
0 1
0 1
0 1
0 0
0 1
0 0
1 783
0 1
1 264
1 14
0 2
1 142
1 834
1 197
0 3
1 786
1 69
1 110
1 248
0 1
0 0
0 2
0 2
0 1
1 252
0 1
1 421
1 430
1 828
1 93
0 1
1 724
1 302
0 3
0 2
0 1
0 0
0 1
1 621
0 3
1 272
0 1
0 0
0 0
0 1
0 0
1 320
1 224
0 2
0 0
0 0
0 1
1 13
0 1
1 670
0 0
1 936
0 1
0 1
1 256
0 3
1 261
0 0
0 0
0 0
0 3
0 0
0 3
1 35
1 524
1 54
1 169
0 3
0 0
1 268
1 451
0 0
1 71
0 1
1 837
1 707
0 0
1 433
1 576
0 3
0 0
0 3
0 1
1 119
0 2
1 618
0 3
1 678
0 0
1 412
1 257
1 803
1 45
0 2
0 1
0 0
0 1
1 742
0 3
0 3
1 279
1 266
0 2
0 3
1 568
0 1
0 2
1 562
1 123
0 0
1 39
1 317
1 777
0 2
1 976
0 0
1 957
0 0
0 1
0 0
1 2
1 580
0 0
1 528
1 306
1 469
0 0
1 592
1 955
0 2
0 0
0 3
0 2
0 2
0 2
1 397
1 459
1 844
0 2
0 0
0 0
1 248
1 611
0 0
1 369
0 2
1 667
0 0
1 478
0 3
0 3
0 1
1 444
1 483
0 2
1 73
0 3
0 1
1 927
0 0
1 453
1 317
1 307
1 577
0 1
1 751
1 417
0 1
1 897
1 760
0 3
0 0
1 995
0 1
1 988
0 0
0 0
1 147
0 0
1 374
0 0
0 1
0 0
0 2
1 830
0 1
0 1
1 928
0 1
0 1
0 0
1 732
0 1
0 1
1 435
0 3
1 14
1 981
0 3
0 1
1 625
0 3
0 0
0 1
1 803
1 707
0 0
1 307
1 527
1 411
1 478
0 2
0 0
0 1
0 0
0 0
0 1
1 791
1 499
1 62
1 321
1 772
0 2
1 624
0 3
1 894
0 1
0 1
1 360
1 730
0 3
1 257
1 461
0 1
1 519
1 121
0 2
0 1
0 0
1 895
0 1
1 680
0 1
0 1
0 0
0 3
1 917
0 1
0 1
1 985
0 3
0 3
0 3
0 1
1 546
0 0
0 3
1 878
0 1
1 557
1 795
0 1
1 445
1 299
0 1
1 859
0 2
0 0
1 965
1 0
0 0
1 959
1 95
1 610
0 3
0 2
1 988
1 730
0 0
0 0
0 3
0 0
0 1
0 1
0 1
0 1
0 3
1 483
1 410
0 1
0 1
0 1
1 455
0 1
0 0
0 2
0 2
1 790
0 3
0 2
0 1
1 759
0 0
0 2
0 3
0 0
0 1
1 882
0 1
0 1
0 1
1 283
1 934
0 3
1 414
1 488
1 225
0 2
1 56
1 946
1 456
0 3
1 197
1 669
0 2
1 192
0 1
1 670
1 589
0 2
1 897
1 111
0 3
0 0
0 3
1 433
1 733
1 692
1 339
0 1
1 688
0 0
0 0
0 0
1 449
1 205
1 218
1 579
1 101
0 1
1 482
1 153
1 843
1 633
0 1
1 690
0 0
1 99
1 802
0 3
0 0
0 0
0 2
0 0
0 0
0 0
1 844
0 1
1 389
1 709
1 574
1 784
1 70
0 1
1 725
1 646
1 205
1 764
0 1
0 2
1 777
0 0
0 1
1 597
1 233
1 966
1 788
1 599
1 607
0 0
0 3
1 51
1 95
1 2
1 291
1 312
0 0
0 2
0 3
0 0
1 491
1 472
1 693
1 89
1 852
0 1
1 329
1 302
1 105
1 973
1 827
0 0
1 601
1 613
0 3
1 134
0 0
0 2
0 0
0 0
1 596
1 535
0 3
1 676
1 736
0 1
0 0
1 599
0 2
0 1
0 1
1 694
1 805
0 1
0 0
1 304
0 1
0 0
1 77
1 476
1 904
0 0
0 3
1 716
1 789
0 1
1 691
1 561
0 0
1 629
0 2
1 132
0 3
0 2
1 304
1 645
0 2
1 768
1 53
1 695
0 0
0 3
0 0
0 1
0 2
1 230
0 3
0 0
1 451
0 0
0 1
1 889
1 237
0 0
0 1
0 3
1 664
0 0
0 1
1 663
1 489
1 483
0 3
1 334
1 684
0 0
1 386
0 3
0 1
1 568
1 451
0 0
0 0
0 0
0 1
0 2
0 0
1 169
0 1
0 0
1 229
1 2
1 329
0 0
1 904
1 682
1 341
0 3
1 581
1 964
1 298
1 458
1 703
0 0
1 690
1 748
0 0
0 0
1 771
0 0
1 938
1 32
1 927
1 309
0 3
0 1
1 878
0 1
0 2
1 530
0 1
0 0
1 311
0 1
0 1
0 1
0 0
1 164
0 1
1 675
1 792
0 1
1 853
0 1
1 50
1 367
0 3
0 0
1 907
1 985
1 951
0 0
0 3
1 979
1 813
1 5
0 2
0 3
1 451
1 764
0 1
1 893
1 190
1 81
1 362
1 616
1 521
0 0
1 23
0 1
1 791
0 3
0 1
1 874
1 273
0 3
1 552
0 3
0 1
0 1
0 0
0 2
0 1
0 2
1 216
0 0
0 0
1 256
1 593
1 384
0 3
1 554
0 0
0 3
0 2
1 21
1 174
0 2
0 3
1 895
1 222
1 800
1 614
1 823
1 686
1 519
1 213
1 755
0 1
1 380
1 764
1 656
0 1
0 0
0 1
1 393
0 0
0 0
1 88
1 638
0 3
0 1
1 358
1 338
0 3
1 606
0 1
1 86
1 998
1 774
1 916
0 3
1 954
0 0
0 0
1 13
0 3
0 0
1 103
1 245
0 0
0 1
0 0
0 0
1 990
0 1
0 0
1 303
1 446
0 3
0 2
0 2
1 308
1 357
0 3
0 1
1 906
1 602
1 471
0 2
0 3
0 0
1 191
1 393
0 2
0 3
0 2
1 94
1 537
1 247
1 578
0 3
0 2
0 2
0 1
0 2
0 0
0 0
0 3
1 930
0 1
1 791
1 859
1 797
0 2
1 325
0 1
0 1
0 1
1 130
0 3
0 0
0 1
0 0
1 413
1 879
1 107
0 0
1 510
0 3
1 702
1 150
1 841
0 0
0 3
0 2
1 917
1 233
1 186
0 0
0 0
0 2
1 21
1 805
0 1
0 2
1 648
1 122
0 2
1 807
0 0
0 1
0 1
0 0
1 184
1 171
0 1
1 678
1 970
0 3
0 1
0 1
0 0
1 39
0 1
1 761
1 19
1 860
1 470
0 3
0 1
1 394
0 1
1 432
0 0
1 536
0 0
0 3
1 230
0 3
1 632
0 3
0 2
1 537
0 0
1 482
1 563
0 2
1 253
1 794
0 3
0 1
0 3
0 1
0 3
0 0
1 785
1 179
0 3
1 281
1 512
0 0
0 2
1 468
0 0
0 0
1 22
0 0
1 607
1 190
1 620
1 416
0 1
1 954
1 461
0 1
0 1
0 1
1 696
1 579
1 383
0 3
0 3
1 430
0 0
0 0
0 2
0 0
0 3
0 1
1 256
0 3
0 2
1 800
1 311
0 2
1 112
1 765
1 939
0 1
0 1
0 3
0 0
1 901
0 3
0 0
1 273
0 3
0 2
1 869
0 1
1 850
1 896
0 0
0 1
1 81
0 1
1 775
1 790
0 0
0 3
1 634
1 220
0 0
1 386
0 1
0 1
1 64
1 493
1 608
0 3
0 1
1 339
1 141
1 952
0 2
0 3
1 134
0 3
1 420
1 304
0 1
1 163
1 528
0 1
1 540
0 0
0 2
1 957
1 922
1 677
1 704
0 1
0 2
0 1
0 3
0 0
0 0
0 0
0 0
1 762
1 8
1 947
0 1
1 713
0 1
1 913
1 960
0 1
0 2
0 3
1 341
0 3
1 714
1 134
0 2
0 3
1 443
1 210
1 406
1 905
0 2
1 281
0 3
0 3
1 917
0 1
1 643
1 77
1 424
0 2
0 1
0 0
1 596
1 66
0 1
0 0
0 0
1 810
0 0
0 2
0 2
1 81
0 2
1 792
0 3
0 0
1 390
0 0
0 0
0 1
0 0
0 0
1 960
1 271
1 941
1 398
1 473
0 0
0 3
1 915
1 644
1 435
1 867
0 2
1 622
1 193
0 0
1 113
1 346
1 964
0 1
1 232
0 1
1 977
0 0
0 2
1 577
0 1
0 0
1 580
0 1
0 0
0 0
0 0
1 917
0 0
1 264
0 0
1 198
1 761
0 3
0 0
0 3
0 2
1 689
1 765
1 200
0 3
0 2
0 0
1 832
0 3
1 362
0 1
0 1
0 0
0 1
1 631
0 1
1 673
1 100
0 1
0 3
0 1
0 0
1 635
1 831
1 796
1 146
1 332
1 269
1 954
0 3
0 2
1 689
0 2
1 267
1 541
0 3
1 155
1 997
1 6
1 969
1 244
0 3
1 555
1 587
1 289
0 0
0 3
0 2
0 1
1 444
1 952
1 250
1 247
1 173
1 804
1 559
0 2
0 0
0 1
0 1
1 711
1 215
0 1
1 409
0 0
0 1
0 0
0 1
0 1
1 901
0 3
1 754
1 223
1 27
0 2
0 1
1 861
0 1
0 1
0 0
1 924
1 753
0 2
0 1
1 787
0 0
0 1
1 93
1 200
0 1
1 791
1 324
1 784
0 3
1 628
0 1
1 687
0 2
0 1
1 60
1 913
1 230
0 0
0 0
1 852
1 86
1 638
1 103
1 510
0 2
1 342
0 0
1 606
1 349
0 3
1 682
0 3
1 718
0 0
0 0
1 308
1 723
0 2
0 0
0 3
1 446
0 0
1 285
1 473
1 66
0 0
0 2
1 781
1 960
0 2
1 9
1 906
0 0
1 970
1 512
1 873
1 853
1 873
0 1
0 2
0 1
0 0
0 3
1 966
0 0
0 1
0 0
0 1
0 1
1 653
0 1
1 355
0 1
1 486
0 3
1 478
1 532
1 595
1 244
0 3
1 845
0 3
1 965
0 3
0 2
1 182
0 0
0 1
0 1
0 0
0 0
0 1
1 952
0 1
0 0
1 300
0 0
1 648
0 0
0 1
0 1
0 2
1 182
1 807
0 0
1 766
0 2
0 2
1 770
0 0
1 793
1 698
0 3
1 482
0 3
0 2
1 934
1 996
0 0
0 1
0 2
1 88
1 68
0 0
0 1
0 1
0 1
1 653
1 948
1 201
1 10
0 3
1 618
0 3
1 444
0 0
1 114
0 2
1 504
0 0
1 94
0 0
0 1
1 575
1 353
1 162
1 524
1 570
0 2
0 0
0 0
0 3
0 0
1 597
0 0
0 1
0 1
1 600
1 429
0 1
1 628
1 602
0 2
1 712
1 812
1 633
1 898
0 3
0 2
1 33
0 3
1 655
1 739
0 3
0 1
0 1
0 0
0 3
0 1
0 1
1 700
1 618
1 344
0 2
0 1
0 1
1 51
0 0
1 653
0 3
1 728
0 3
0 2
0 3
0 2
0 2
0 2
0 0
1 629
0 1
1 595
0 2
0 3
1 276
1 753
0 1
1 465
1 340
1 639
1 82
0 2
1 87
0 1
0 0
1 357
1 709
0 1
1 544
0 0
1 535
0 0
1 200
1 256
1 118
1 795
0 3
0 1
1 366
1 857
1 72
0 0
0 0
0 0
1 625
0 0
0 1
1 352
0 1
0 1
1 107
0 3
0 1
0 1
1 400
0 0
1 30
1 516
1 436
0 0
1 534
1 963
1 185
0 1
0 2
1 866
1 556
1 645
0 2
0 3
0 0
0 3
1 117
0 3
1 826
1 499
0 2
1 99
1 503
1 215
1 419
1 202
1 318
1 704
1 911
0 0
1 650
1 601
1 638
1 945
1 509
0 0
1 776
1 484
1 957
1 196
0 3
0 1
0 3
1 260
0 1
0 2
0 0
1 939
1 656
1 678
0 0
1 997
1 973
0 0
1 774
1 488
0 0
0 1
0 1
0 0
0 1
0 1
0 1
0 1
0 1
0 0
0 0
0 0
0 1
0 0
0 1
0 1
0 1
0 1
0 1
0 0
0 0
