499
1 48
1 323
1 398
1 995
0 2
1 225
0 0
0 3
0 2
1 247
1 900
0 1
0 0
1 16
0 0
1 513
0 1
1 432
0 0
1 995
1 716
1 144
1 283
1 578
0 0
0 3
0 1
1 70
1 670
0 0
1 0
1 919
1 157
0 2
0 1
1 91
1 837
1 879
0 1
0 1
1 257
1 309
1 513
0 0
1 907
1 614
0 0
0 3
1 968
1 509
0 0
1 989
0 1
1 538
0 1
0 0
1 936
1 950
1 711
0 2
0 3
1 312
0 2
1 111
0 0
1 785
1 210
0 0
0 3
0 2
1 61
1 477
0 1
0 0
0 1
1 825
1 23
1 389
0 0
1 695
0 1
1 329
0 0
0 2
1 206
0 1
1 686
0 0
1 448
1 232
0 3
0 0
1 12
1 313
0 3
1 598
0 1
1 931
0 1
1 848
1 172
1 126
0 0
1 500
1 630
0 1
1 131
0 1
0 1
0 1
0 1
1 123
1 320
0 2
1 115
0 3
0 1
1 739
1 55
0 0
0 1
1 401
0 0
1 908
0 1
0 1
1 142
0 0
1 750
0 1
0 3
0 0
1 367
1 502
1 490
1 495
0 2
1 756
0 3
1 238
1 111
1 666
1 900
1 675
0 2
1 893
0 3
1 433
0 3
1 668
1 547
0 2
1 619
1 746
0 3
1 572
1 767
1 945
0 1
0 2
1 44
0 0
0 2
0 2
0 2
0 1
0 2
0 3
1 45
0 0
0 1
1 222
0 1
0 0
0 1
0 1
0 0
0 1
0 3
0 1
0 1
1 708
1 348
0 3
1 633
1 550
0 0
0 1
1 559
0 1
1 804
0 0
1 460
0 1
0 1
1 579
0 0
1 111
0 1
1 51
1 753
1 210
0 2
0 1
1 427
1 158
0 1
1 33
1 592
1 447
0 3
0 0
0 3
0 1
1 543
0 0
1 681
0 1
1 934
0 1
0 1
1 309
0 0
1 487
1 375
0 3
0 3
1 932
1 444
1 597
0 0
0 0
0 0
1 69
0 3
1 334
0 0
1 304
0 1
1 685
0 1
1 80
1 481
0 3
0 0
1 403
1 844
0 3
1 201
0 3
1 777
1 280
0 3
1 484
0 1
1 655
0 2
0 1
1 793
1 965
1 199
1 470
0 2
0 3
1 408
1 54
1 836
1 852
1 575
0 0
1 201
1 529
1 945
1 635
1 2
1 597
0 2
0 3
1 808
1 13
1 770
0 3
0 2
0 0
1 623
1 470
1 108
1 860
1 451
1 377
0 0
1 391
1 2
0 0
1 100
1 372
0 2
0 0
1 177
1 62
1 834
1 103
1 421
1 183
1 13
0 2
1 940
1 200
1 188
1 904
1 810
1 759
1 298
1 681
0 2
1 188
1 239
0 0
1 162
1 749
1 199
0 0
0 0
1 280
1 153
1 312
0 2
0 0
0 3
0 0
1 664
1 258
0 0
0 3
0 2
1 463
1 716
1 857
1 199
0 2
1 621
1 155
1 533
1 47
0 0
0 1
1 313
1 462
1 331
1 180
0 2
1 321
0 0
1 971
1 936
0 0
1 980
0 3
1 245
1 305
1 314
0 0
0 2
0 2
0 0
1 360
0 0
0 1
0 1
1 642
1 525
0 1
0 1
0 1
1 930
0 1
0 1
0 1
0 0
1 444
0 0
0 1
1 766
0 3
1 46
0 1
1 224
1 447
0 0
1 859
0 0
0 3
0 1
0 1
1 925
0 3
1 261
1 368
0 3
0 0
1 433
0 3
1 452
1 64
1 715
1 270
1 572
0 3
0 0
1 121
1 115
1 789
1 301
1 688
0 3
1 635
0 2
0 1
0 3
0 1
0 1
1 106
0 0
1 547
0 2
1 297
0 1
0 1
0 1
1 185
1 963
0 1
0 0
1 746
0 0
0 3
0 2
0 2
1 747
1 368
0 0
1 453
0 1
0 3
0 2
1 21
1 682
1 703
1 355
0 2
1 15
1 431
0 1
1 826
1 608
0 0
1 850
1 555
1 392
0 2
0 1
1 125
0 1
0 1
0 1
1 731
0 0
1 762
0 1
0 0
0 0
0 3
0 2
0 2
0 0
0 0
0 3
0 1
0 2
0 3
0 0
0 0
0 0
0 3
0 2
0 0
0 0
0 2
0 0
0 0
0 0
0 0
0 3
0 2
0 0
0 2
0 1
0 1
0 3
