499
1 582
1 948
1 831
0 0
0 1
1 544
0 0
1 564
0 1
1 501
0 0
1 314
1 660
1 634
0 1
0 3
1 554
1 843
0 1
1 523
0 0
1 383
1 974
1 957
0 2
1 745
1 412
0 1
0 0
1 597
1 587
0 1
0 3
1 668
0 3
0 3
0 0
1 291
0 0
0 2
1 78
0 1
1 878
0 3
0 0
1 589
0 0
1 227
1 486
0 2
1 718
1 449
0 0
1 584
0 3
1 836
0 1
1 634
0 2
1 434
1 945
0 0
0 0
1 443
0 1
1 335
0 0
0 1
0 0
1 955
1 339
1 517
0 0
0 3
1 397
1 35
1 755
1 91
1 809
0 1
1 995
1 150
1 883
1 142
1 605
1 211
0 1
0 2
1 225
0 1
1 45
0 1
1 153
0 3
1 858
1 961
1 345
1 663
0 0
1 274
0 3
1 262
0 3
0 1
0 1
0 2
1 992
1 678
1 563
0 0
1 871
0 1
1 778
1 472
1 882
1 720
0 3
1 703
1 900
1 929
1 121
1 387
1 663
1 214
0 2
1 625
0 1
1 634
0 1
1 634
0 0
0 1
0 0
0 0
1 700
0 1
0 1
0 3
0 2
0 2
1 974
1 471
0 3
0 0
1 927
0 1
0 2
0 1
0 0
0 1
0 0
0 1
0 3
0 0
0 2
1 335
1 377
1 565
1 434
0 1
1 416
0 2
1 779
0 3
0 0
1 28
0 2
1 988
0 1
1 991
0 1
1 693
0 0
1 815
1 194
0 3
0 3
1 643
1 800
0 2
1 545
1 516
0 1
0 0
1 140
1 336
1 291
0 1
1 809
1 378
0 0
1 574
0 3
1 691
1 595
1 367
0 3
1 810
0 1
0 1
0 0
0 0
1 598
1 589
1 573
1 360
0 1
1 368
0 3
1 21
0 3
0 1
0 3
0 1
1 764
1 237
0 0
0 3
0 1
1 698
1 285
0 2
0 0
1 746
1 567
0 3
1 955
0 1
1 87
0 2
1 166
1 899
1 739
0 2
0 1
0 0
0 0
0 0
1 696
1 286
1 394
1 493
1 630
0 1
0 0
0 0
0 2
1 579
0 1
1 579
0 0
0 1
1 265
0 0
1 413
1 932
1 896
0 2
0 0
0 0
1 555
1 473
1 560
0 0
1 63
1 586
0 2
1 272
0 1
0 0
1 513
1 908
1 394
0 0
0 0
1 534
0 0
0 1
1 633
0 1
0 0
1 824
0 3
0 3
1 955
1 888
0 1
0 2
1 304
0 0
0 3
1 720
0 1
1 206
0 0
0 0
1 610
0 1
0 1
0 0
0 0
1 189
0 0
0 2
0 0
1 499
1 638
1 197
1 814
0 2
1 654
0 3
0 3
0 3
1 364
1 886
1 23
1 204
1 608
0 3
1 961
1 491
1 761
0 2
1 126
0 3
0 1
0 2
1 294
0 0
0 3
0 1
1 872
0 1
1 410
0 1
0 0
1 336
0 1
0 0
0 0
1 577
1 45
0 0
1 215
0 1
1 111
0 1
0 0
1 263
1 525
0 3
0 0
1 128
0 1
1 364
0 1
1 380
0 0
1 496
1 752
1 383
0 2
0 1
0 0
1 873
1 961
0 1
0 0
1 865
0 1
1 855
1 469
0 0
0 1
1 437
1 300
0 2
0 0
1 83
1 602
1 621
1 260
1 935
1 798
1 637
1 71
1 316
0 1
0 0
0 3
1 126
0 1
1 783
1 963
0 2
0 0
0 3
0 0
1 447
1 382
1 723
0 2
0 1
1 309
1 364
0 2
0 1
1 613
0 1
0 0
1 457
0 1
1 290
1 921
1 340
0 3
0 0
1 678
0 1
1 606
0 1
0 0
0 0
0 1
1 719
1 921
1 861
1 61
1 675
0 3
0 2
1 103
1 328
1 124
1 294
1 338
0 1
1 739
1 933
1 708
1 550
1 47
0 1
0 2
0 3
1 898
1 25
0 0
0 2
1 491
1 131
1 870
1 267
0 0
0 2
0 3
1 744
1 52
0 3
1 980
0 3
0 0
0 1
0 2
1 499
1 331
1 142
1 442
1 488
1 153
1 936
0 1
1 390
1 929
1 409
0 0
1 159
1 125
0 1
0 3
0 1
0 1
0 0
0 2
0 1
0 1
0 1
0 0
0 0
0 3
0 0
0 1
0 2
0 2
0 2
0 2
0 1
0 0
