999
1 643
1 540
0 0
1 782
1 77
1 15
1 64
1 683
1 843
1 404
1 629
1 593
0 2
0 1
0 1
1 44
1 699
1 377
0 3
0 2
0 1
0 1
1 87
1 667
0 1
0 1
0 1
1 273
0 3
1 338
1 106
0 3
1 771
0 3
0 0
1 859
0 1
1 754
0 0
0 3
0 0
1 312
0 3
0 0
1 201
0 1
0 1
1 678
1 713
0 1
1 400
0 1
0 1
1 58
1 918
0 2
1 648
0 3
1 763
0 1
0 2
1 302
1 978
1 208
1 814
0 1
1 17
0 0
0 2
0 1
1 28
0 3
0 0
1 926
1 643
1 910
0 0
1 435
0 2
0 3
1 284
0 0
0 1
1 794
1 717
0 2
0 0
1 763
1 263
0 2
0 0
1 55
1 354
0 2
1 123
0 3
1 334
0 1
1 406
1 557
0 3
0 2
1 445
0 1
0 0
1 622
0 3
1 160
0 3
1 844
1 269
0 1
0 2
1 399
0 2
1 267
1 642
1 483
1 207
1 542
0 2
0 1
1 980
1 253
1 484
0 3
0 1
0 0
1 679
0 1
1 51
0 1
1 608
1 313
1 324
0 0
0 3
1 904
1 984
1 491
1 572
1 53
1 932
1 52
0 1
0 2
1 180
0 1
1 827
0 0
1 292
0 3
0 3
1 661
1 835
1 470
0 1
1 107
1 846
0 1
1 30
1 451
1 969
1 954
1 80
0 1
0 0
1 759
0 3
1 762
0 1
0 0
0 0
0 2
1 707
1 306
0 2
0 1
1 96
0 0
0 1
0 1
0 0
0 1
1 766
1 849
0 1
1 702
0 1
0 1
0 1
0 0
0 0
0 0
0 1
0 0
1 700
1 297
1 379
1 890
1 848
1 28
0 2
0 1
1 791
0 0
1 475
1 807
1 801
1 372
1 84
0 3
0 0
1 201
1 608
1 643
1 805
1 188
0 2
0 3
0 0
0 2
0 3
1 643
0 3
1 355
0 3
1 876
1 936
0 1
0 0
1 455
1 752
0 3
0 0
0 1
0 1
1 775
1 593
1 386
0 1
0 3
0 0
0 1
1 284
0 1
0 0
0 0
1 740
1 11
1 120
0 2
1 259
0 1
0 2
1 509
0 0
0 1
0 1
0 0
1 74
1 871
1 312
0 3
0 1
1 390
1 213
0 0
0 1
0 0
0 1
1 264
1 293
0 0
1 402
0 3
0 0
1 806
1 658
1 340
0 0
0 1
1 629
1 316
0 3
1 757
1 938
1 965
0 1
0 2
1 276
0 0
1 35
0 1
1 822
1 687
1 441
0 1
1 921
1 177
0 1
0 3
1 383
1 186
0 1
0 2
1 185
0 3
0 0
1 67
0 1
0 1
0 2
0 1
1 373
1 832
1 982
1 900
0 2
1 134
1 502
1 365
0 2
0 1
1 689
0 1
0 0
1 265
1 483
1 855
1 752
0 0
1 176
0 3
1 345
0 0
0 2
0 3
1 316
0 1
0 0
0 0
0 0
1 409
1 701
0 3
0 0
0 0
1 444
1 817
0 1
0 1
1 779
1 12
0 0
0 1
0 0
1 690
0 0
1 199
0 1
1 699
1 945
1 463
0 2
1 729
0 0
0 0
1 428
1 305
0 1
0 0
0 1
1 205
0 0
1 158
1 999
1 479
0 1
0 3
0 0
1 678
1 470
0 0
0 0
1 146
1 266
0 3
1 802
1 931
0 0
1 299
1 272
0 1
1 399
0 3
1 985
0 2
1 140
0 1
1 837
1 205
0 2
0 1
0 1
1 131
1 507
0 2
1 41
0 1
0 3
1 18
0 3
0 0
1 708
0 2
0 1
1 362
0 0
1 213
0 0
1 748
1 175
0 3
0 1
1 888
0 1
1 580
1 269
1 821
0 3
1 678
1 286
1 783
0 0
0 0
1 497
1 693
0 1
1 257
1 897
0 1
0 0
0 0
0 2
0 1
1 958
0 3
1 123
0 0
0 1
1 816
1 362
0 1
1 109
0 3
0 0
1 720
1 580
1 46
0 3
1 713
0 2
0 1
0 1
1 574
0 1
1 216
1 59
1 970
0 1
0 1
0 0
1 600
0 0
1 622
1 133
0 0
0 1
1 632
0 1
1 76
1 77
0 0
1 393
1 679
1 4
0 3
1 379
0 3
1 73
0 3
1 958
0 3
1 106
1 869
1 621
0 3
1 393
0 2
1 99
0 1
1 619
0 3
0 2
0 1
1 735
0 0
0 1
0 1
1 543
1 893
0 2
1 148
1 883
1 468
0 3
1 935
1 461
1 506
0 1
0 0
0 3
1 559
0 1
0 2
1 4
0 1
1 381
1 993
1 365
1 266
0 2
1 473
1 420
1 672
1 828
0 0
1 685
1 441
0 2
0 0
1 842
0 1
0 1
0 1
0 0
0 0
0 0
1 667
0 1
1 784
1 729
0 0
0 0
1 356
0 1
0 0
1 519
0 3
1 670
1 841
0 1
0 0
0 3
1 110
0 3
0 3
0 1
1 410
1 73
1 445
0 2
0 0
0 0
1 474
1 391
1 237
1 168
1 974
0 3
0 0
1 634
1 279
1 112
0 3
1 28
0 1
1 225
1 197
1 616
1 998
0 2
0 0
0 1
0 0
1 685
1 565
1 573
0 3
0 2
1 253
1 106
0 0
0 1
1 861
0 0
0 1
1 296
0 1
1 238
0 1
1 589
1 732
0 0
1 435
1 686
0 0
0 0
1 259
1 88
1 740
0 2
0 0
1 183
0 3
1 451
1 825
1 708
0 0
1 941
1 213
1 942
0 1
0 1
1 406
1 618
0 0
1 826
1 770
1 5
0 2
1 952
1 714
0 1
0 0
1 699
0 0
0 1
1 986
1 927
1 93
1 6
0 1
1 545
1 324
0 3
1 4
1 263
1 807
0 0
1 636
0 3
0 3
0 0
1 211
1 44
1 378
0 1
1 555
0 1
0 1
1 422
0 1
1 133
0 3
0 2
0 0
1 734
1 809
1 865
0 3
1 412
1 102
1 546
1 102
1 463
1 674
0 3
0 1
0 0
1 662
1 427
0 0
0 1
0 0
1 137
1 17
0 2
0 2
0 0
1 753
0 0
1 592
1 470
0 0
0 1
1 215
1 151
1 271
1 842
1 157
1 11
1 648
1 256
1 591
1 431
1 53
0 3
0 3
1 450
0 3
0 0
1 387
0 0
0 0
1 746
0 2
0 3
1 472
1 475
1 398
1 737
0 3
0 2
1 645
0 0
0 2
0 3
0 0
0 2
0 0
1 904
0 0
0 3
0 1
0 1
0 1
0 3
0 2
1 667
0 0
1 986
1 745
1 634
1 268
1 600
0 3
1 193
0 0
1 649
0 0
1 690
0 3
1 501
0 1
1 813
0 2
0 0
0 1
1 622
1 692
0 2
1 630
1 247
1 865
0 3
1 743
1 902
0 2
0 2
1 685
0 2
1 28
1 964
0 2
1 261
0 1
0 0
1 582
1 883
0 0
1 329
0 1
0 0
1 719
0 0
0 1
1 481
0 1
0 0
1 611
0 1
0 0
1 524
1 410
1 246
1 10
1 594
0 2
1 488
1 286
1 221
1 319
0 3
0 2
1 508
1 685
1 284
1 893
1 472
1 858
1 911
1 501
1 301
0 1
1 704
1 743
1 13
1 838
0 1
0 1
1 662
0 3
0 2
0 1
0 0
1 336
1 745
0 1
1 646
0 1
0 2
0 0
0 1
0 0
0 1
0 3
0 2
1 799
0 3
1 775
1 838
1 258
0 3
0 3
0 1
0 2
0 0
1 842
1 668
0 0
1 233
0 2
1 57
1 653
1 224
1 703
1 45
0 0
1 614
0 0
0 0
1 269
0 0
1 692
1 225
0 3
0 3
0 2
0 0
1 674
1 575
0 3
1 329
1 403
0 0
0 1
1 65
1 108
1 694
1 531
0 1
1 680
1 432
1 131
1 909
1 975
1 212
0 3
1 959
1 225
1 874
0 1
0 1
1 430
0 3
0 2
1 451
0 3
0 0
1 988
1 50
0 2
0 3
1 24
0 2
1 909
0 2
1 611
1 932
1 820
1 17
0 1
0 2
0 0
1 109
0 0
0 3
1 514
1 114
1 449
0 0
0 2
0 1
1 9
1 84
1 751
0 0
1 497
0 1
1 212
0 2
0 1
0 0
0 0
0 1
0 1
1 858
1 110
1 416
1 903
1 247
1 520
1 988
0 0
1 299
0 1
0 0
0 3
0 0
0 0
1 83
1 573
1 398
0 2
0 3
0 0
0 0
0 1
0 1
0 0
0 0
0 0
0 0
0 1
0 1
0 3
0 0
0 2
0 3
0 2
0 2
0 2
0 0
0 2
0 1
0 0
0 0
0 0
0 1
0 0
0 3
0 2
0 2
0 1
0 1
0 0
0 0
