4999
1 544
1 592
0 2
1 940
1 562
1 814
1 488
1 404
0 1
0 0
0 1
0 1
0 1
1 503
1 157
1 291
1 528
1 141
1 55
0 3
1 127
0 0
0 0
0 2
1 303
1 685
1 226
1 198
0 0
0 2
1 112
0 1
0 3
1 398
0 3
1 942
1 184
1 848
1 970
0 0
0 2
0 3
0 1
0 2
0 1
0 1
1 231
1 284
1 332
1 82
0 3
0 0
0 2
1 214
0 1
0 0
0 0
1 111
0 1
1 648
1 20
1 53
0 3
1 286
0 1
0 1
0 3
1 26
1 854
0 1
1 610
0 1
1 219
1 898
0 0
1 765
1 212
1 998
1 277
1 79
1 589
0 3
1 453
1 753
1 604
1 506
0 3
0 2
1 772
0 0
0 1
1 398
1 834
0 3
1 614
1 132
0 2
1 809
0 0
0 2
0 0
0 2
1 935
0 1
1 467
1 994
0 0
0 1
0 0
1 292
1 726
1 883
1 367
1 751
1 317
0 2
1 428
1 565
1 350
0 3
0 3
0 3
0 2
1 987
0 0
1 628
0 3
1 539
0 0
1 670
1 258
1 424
1 181
0 0
0 2
0 3
0 1
1 951
0 0
0 1
0 1
0 2
0 0
1 565
1 910
0 3
0 2
0 2
1 813
1 533
1 297
1 788
1 373
1 373
0 0
1 730
1 401
0 1
1 503
0 1
0 2
1 707
0 0
1 733
1 412
0 3
1 340
1 351
1 433
0 3
0 2
1 878
1 634
0 1
0 3
0 1
0 2
1 968
1 341
0 3
1 327
1 705
1 550
1 102
1 769
1 778
1 502
1 762
0 3
0 2
1 605
1 33
1 231
1 602
1 376
1 645
1 425
0 3
1 940
0 0
0 0
1 115
1 807
1 713
0 1
1 913
0 2
0 3
0 2
0 1
1 122
1 282
0 0
1 588
0 3
1 944
1 50
1 47
0 0
1 82
0 1
0 2
1 198
1 475
0 1
1 626
1 266
0 2
1 424
1 739
0 2
1 434
1 720
0 0
1 63
0 2
1 537
0 1
0 3
1 845
1 92
1 757
1 475
1 562
0 1
0 2
0 1
1 48
1 813
1 935
0 3
0 1
1 847
1 962
1 31
0 2
1 911
0 1
1 135
1 515
1 486
1 652
1 964
1 79
0 1
1 62
0 3
0 2
0 0
1 992
0 3
0 1
1 15
1 743
1 794
1 147
1 547
1 148
1 182
1 9
0 0
0 1
1 393
0 0
1 267
0 0
0 0
1 348
0 1
0 0
1 833
0 0
1 572
1 355
0 2
1 216
0 0
0 1
1 167
0 0
0 1
0 3
1 288
0 2
1 351
0 3
1 908
0 0
0 1
0 2
0 0
1 489
1 606
0 2
0 1
1 100
1 868
0 2
0 0
1 761
0 1
0 1
0 3
1 201
0 3
0 0
0 3
1 815
0 0
1 557
0 3
0 0
1 670
0 0
1 976
1 716
1 392
0 0
0 3
0 1
0 0
1 176
1 737
1 425
1 396
1 169
1 98
1 428
0 0
1 739
1 749
0 2
0 0
1 509
1 336
0 3
1 821
1 733
1 238
1 502
0 1
0 1
1 787
0 2
1 939
1 55
1 260
1 564
1 38
1 371
1 448
0 3
0 2
1 307
0 1
0 2
0 1
0 1
0 0
0 0
0 0
0 1
1 474
1 248
0 3
0 0
1 50
0 1
1 688
0 0
1 744
0 0
1 84
1 922
0 3
0 0
0 0
1 251
0 1
0 0
0 0
0 0
0 0
1 278
1 494
1 633
0 2
0 1
1 19
1 88
0 1
1 523
1 670
1 747
0 3
0 2
1 311
0 1
0 1
1 589
0 1
0 0
0 1
0 1
0 0
1 907
0 1
1 584
1 63
1 618
0 3
1 282
1 7
1 971
1 619
1 475
1 242
1 612
0 3
1 157
0 2
1 322
1 186
0 1
1 500
0 1
1 911
0 0
0 0
0 1
1 779
1 926
1 255
0 1
1 977
1 363
0 0
1 346
0 1
1 822
1 697
0 1
0 3
1 843
0 0
0 2
1 102
1 126
1 253
1 481
0 3
0 1
0 0
0 3
0 3
1 257
0 3
1 349
1 410
0 1
1 542
1 6
0 3
0 2
0 1
1 285
1 961
0 2
1 656
0 1
0 3
0 0
0 0
1 113
1 853
0 1
1 143
1 228
1 573
1 484
1 778
1 938
0 1
1 640
0 2
0 1
1 433
1 59
0 3
0 3
0 3
0 2
1 736
1 861
0 3
0 1
0 2
1 980
0 3
0 2
0 2
0 2
0 0
0 1
1 620
1 616
0 1
1 590
0 3
1 122
0 0
1 434
0 1
1 247
0 2
0 0
1 755
1 729
0 2
0 1
0 0
0 1
0 1
0 0
1 696
1 539
1 942
1 654
0 2
1 483
1 175
1 298
0 0
0 2
0 0
0 3
1 672
1 666
0 2
0 1
1 707
1 482
1 243
0 3
0 3
1 979
1 326
0 3
1 142
1 516
1 226
0 2
0 3
1 769
1 591
0 0
0 2
0 2
0 1
0 1
1 279
1 783
1 172
1 534
0 1
1 880
1 415
1 873
0 0
0 3
0 1
1 625
0 1
1 146
0 2
0 1
1 375
1 905
1 664
0 1
0 1
0 3
1 942
0 1
0 0
1 712
0 2
0 0
0 1
1 741
1 69
1 107
1 445
0 0
1 73
0 0
0 0
1 478
0 1
0 3
0 0
0 0
0 0
1 226
0 1
0 0
1 384
0 0
1 939
1 195
0 0
0 0
1 131
0 0
0 1
0 3
1 363
0 0
1 661
1 622
0 3
1 689
1 805
1 159
0 1
1 831
1 277
0 2
0 1
1 306
0 0
1 630
0 1
0 1
0 3
0 0
0 0
1 139
0 2
1 767
0 0
1 915
1 655
1 342
0 2
0 3
1 771
1 470
0 0
0 1
0 0
1 113
1 713
1 241
1 227
1 405
0 2
0 3
1 96
0 3
1 109
0 3
0 0
1 227
0 2
0 3
0 1
0 1
0 1
0 3
0 1
0 2
1 44
1 798
0 0
0 1
1 48
0 3
1 998
1 835
0 3
0 2
0 3
0 0
1 46
0 2
0 3
0 0
0 1
0 1
0 1
0 1
1 640
0 0
1 946
0 1
1 703
0 0
0 1
0 1
0 3
1 704
0 2
1 811
1 286
0 2
1 619
0 3
0 2
0 2
1 816
1 125
1 187
1 994
1 391
1 833
0 2
1 213
0 0
1 780
1 341
1 352
1 245
0 3
1 175
1 94
1 782
0 1
0 1
1 275
1 614
1 940
0 0
0 1
1 284
0 2
0 0
0 0
0 0
1 315
1 921
1 400
1 382
1 344
0 0
0 0
1 892
1 713
0 1
0 1
0 0
1 656
0 0
0 0
1 815
1 316
0 0
0 3
1 107
0 0
0 1
1 842
1 352
1 295
0 2
0 1
1 364
0 1
0 1
1 57
1 631
0 0
1 777
0 1
1 453
0 2
1 479
0 0
1 414
1 233
0 1
1 673
0 1
1 414
0 2
0 0
1 708
0 1
0 0
1 360
1 78
0 0
1 906
1 726
1 728
0 3
1 764
0 2
0 0
0 0
0 1
1 252
1 555
0 3
0 2
1 86
1 280
0 3
0 0
1 200
1 347
0 2
0 1
0 0
1 523
1 556
0 3
0 2
1 195
1 734
0 1
1 586
1 837
1 648
1 351
1 836
0 2
0 0
0 0
0 0
0 1
0 0
0 1
1 473
1 746
1 897
0 1
0 2
1 756
0 0
1 477
0 0
0 0
0 0
1 575
0 1
1 355
1 768
1 745
1 110
0 3
0 3
0 0
1 262
1 790
0 2
1 73
0 0
0 1
1 494
0 0
1 486
1 283
0 1
1 510
0 2
1 505
1 108
0 2
0 3
1 952
1 161
1 755
0 1
0 0
1 827
0 2
0 0
1 424
0 1
0 0
0 3
1 2
0 1
1 36
0 0
1 558
0 3
1 530
1 598
1 236
0 3
0 0
0 3
0 0
1 162
1 694
0 3
1 236
1 960
0 3
0 2
1 119
1 181
0 3
0 0
1 743
1 63
1 982
0 0
0 0
1 903
0 3
1 314
0 3
0 2
1 578
0 1
1 278
1 36
0 0
1 413
1 979
1 96
1 697
1 241
0 1
1 974
0 0
1 892
0 1
1 385
1 433
0 1
0 2
1 944
0 0
0 1
0 0
1 826
1 120
0 0
1 594
0 3
1 807
0 2
1 422
1 723
1 889
1 427
1 180
0 1
0 3
1 464
1 987
0 0
0 2
0 1
1 151
1 670
0 1
0 1
0 1
0 1
1 769
0 0
1 560
1 378
0 3
0 1
0 1
0 0
1 641
1 196
1 560
1 646
0 0
1 212
1 702
0 1
0 0
1 327
1 483
1 630
0 2
1 917
1 449
0 0
0 1
1 719
1 58
0 3
1 119
1 581
0 1
0 0
0 0
1 654
0 0
0 0
1 551
0 3
0 1
1 586
1 256
0 1
0 2
0 3
1 408
0 3
1 688
0 2
0 0
0 1
1 966
1 552
1 296
0 2
0 1
1 377
0 1
0 0
1 949
1 848
0 1
0 1
1 997
0 0
0 1
1 923
1 655
0 2
1 502
1 670
1 670
1 284
1 320
0 1
0 0
0 3
1 291
0 3
1 835
1 331
0 1
0 1
1 722
0 2
0 0
0 1
1 546
0 1
0 1
0 1
0 0
0 1
1 117
1 271
1 921
1 227
1 86
0 2
0 3
1 919
0 0
0 2
0 3
0 0
0 1
0 1
0 0
1 21
1 647
0 3
0 2
1 377
1 811
0 2
0 0
0 0
1 123
1 126
0 1
1 513
1 730
1 553
1 931
0 3
0 0
1 731
0 2
1 925
0 0
1 781
1 638
0 1
0 0
0 1
1 976
0 0
0 1
0 3
0 1
1 595
1 206
0 0
1 834
1 773
1 460
1 206
1 496
1 530
1 410
0 3
1 77
0 2
1 978
0 0
0 0
0 0
0 1
0 0
1 718
1 404
1 453
0 0
1 487
1 440
1 821
1 980
1 801
0 0
1 400
1 25
1 146
1 625
0 0
1 626
0 1
1 610
0 2
0 0
0 3
1 780
0 2
0 1
1 347
0 1
0 3
1 870
0 3
0 0
1 405
0 1
1 972
0 1
1 434
1 950
1 174
1 996
0 3
1 145
0 3
0 1
0 0
0 0
1 984
0 3
1 735
1 566
0 1
1 527
1 708
1 710
0 1
1 432
1 530
1 611
1 905
0 1
1 208
0 1
1 626
0 2
0 0
0 0
1 510
1 899
0 3
1 8
1 324
0 0
0 0
0 1
0 1
0 0
1 461
0 0
0 3
1 269
1 853
1 365
1 810
0 0
1 745
0 3
0 3
0 2
0 2
1 279
1 610
1 822
0 2
0 0
1 177
1 549
1 792
0 2
0 3
1 652
1 243
1 41
1 635
0 3
1 331
1 156
1 525
0 2
0 0
1 42
0 3
0 0
1 990
0 1
1 132
1 342
0 2
0 0
0 0
0 1
1 980
0 0
0 1
1 360
0 0
0 1
0 1
0 0
0 0
1 429
1 648
0 2
0 1
0 1
0 0
1 595
0 0
1 567
0 0
0 1
0 0
0 1
1 901
1 420
0 2
1 338
1 981
1 899
0 0
0 1
1 405
0 2
0 0
0 0
0 1
1 198
1 774
0 2
0 0
1 641
0 1
1 968
1 900
1 766
1 153
1 389
1 898
1 252
1 621
0 1
0 1
0 1
1 305
0 0
1 75
0 2
1 654
1 961
0 0
0 1
0 0
0 1
1 835
1 187
1 213
1 784
0 1
1 425
0 2
0 0
1 333
0 1
0 0
1 992
1 350
1 946
0 3
0 2
1 98
0 3
0 0
1 41
0 1
0 1
1 678
0 3
1 150
0 2
1 867
1 514
0 2
1 114
0 1
0 3
1 308
0 3
0 1
1 398
1 221
0 2
0 0
0 1
1 543
0 1
1 422
1 426
0 2
1 98
0 1
1 264
1 64
1 801
0 3
1 42
0 0
1 810
1 660
0 1
0 3
1 214
1 616
0 0
0 0
0 2
0 0
1 696
0 1
0 1
1 661
0 0
1 294
1 238
1 541
1 76
0 1
1 546
1 567
0 0
1 662
1 506
0 1
1 510
1 938
1 338
1 908
1 574
1 668
1 663
0 2
1 871
0 0
0 0
0 3
1 711
1 401
1 426
0 2
1 221
0 3
0 3
0 0
1 765
0 1
0 0
1 371
1 690
1 800
1 150
0 3
1 992
0 1
1 267
0 1
1 595
0 1
0 1
0 0
1 682
1 177
0 0
1 397
0 2
0 3
0 2
0 2
1 84
1 436
1 878
0 3
1 8
1 570
0 1
1 126
1 802
1 673
0 0
0 1
1 254
1 328
0 2
0 1
1 197
1 469
0 3
1 758
0 1
1 898
1 103
1 48
0 3
0 2
1 938
0 3
0 0
1 629
1 686
0 1
0 0
1 950
0 1
0 0
1 490
1 483
1 196
1 83
0 1
1 143
0 2
1 323
0 0
0 3
1 318
0 0
1 256
0 1
0 0
1 303
0 1
0 1
1 378
1 589
1 524
0 3
1 51
1 742
1 559
0 2
0 1
0 1
1 891
1 703
1 374
1 427
0 0
1 98
1 511
0 1
1 626
0 1
0 0
1 235
0 1
0 2
1 715
1 344
1 962
0 1
1 454
0 0
0 1
0 1
1 189
1 482
0 1
0 1
1 18
1 184
1 552
1 113
1 416
0 3
0 0
1 674
0 0
0 1
1 745
0 2
1 257
1 23
1 642
1 240
1 811
0 2
0 3
1 601
0 0
1 567
0 2
1 277
0 3
1 995
1 370
0 0
0 3
1 842
1 269
1 687
0 2
1 874
1 701
0 3
1 2
1 940
1 320
1 285
1 737
0 3
1 799
0 0
1 921
0 1
0 2
0 0
1 257
1 345
1 178
0 1
0 1
0 1
0 0
0 2
0 1
0 3
0 1
0 2
0 1
0 1
0 0
0 1
0 1
1 3
0 1
0 0
0 0
0 1
0 0
0 0
1 566
0 0
0 1
0 1
1 289
1 933
1 335
0 3
1 847
0 1
1 282
1 550
0 2
1 919
1 704
1 51
0 3
0 1
0 0
0 1
0 0
0 0
0 1
0 0
0 0
0 1
0 1
0 1
1 573
1 524
1 443
0 1
1 511
1 572
1 525
1 274
0 3
1 512
1 761
1 526
0 0
0 2
1 229
0 3
0 3
0 2
0 1
1 848
0 1
1 424
0 1
0 1
0 3
0 2
0 1
1 55
1 185
0 1
0 1
1 445
1 675
0 0
1 225
0 1
1 299
1 619
0 3
1 449
0 2
1 919
1 257
1 785
1 797
1 337
1 476
0 1
1 60
1 111
0 0
1 564
0 3
1 957
0 3
1 488
0 1
0 2
1 625
1 495
0 2
1 387
0 0
0 1
0 0
1 13
1 773
0 0
1 873
1 16
1 684
1 808
0 0
0 2
1 596
0 0
1 154
1 838
1 579
1 832
1 349
1 864
1 795
1 38
1 726
1 586
0 0
1 5
1 618
1 602
0 1
1 549
1 9
1 190
0 0
1 99
0 0
1 432
1 956
1 293
0 1
0 3
0 1
0 2
1 749
1 107
0 0
0 0
1 942
0 0
0 0
1 622
1 678
0 2
0 0
0 1
1 96
0 0
1 464
1 220
1 960
1 314
0 0
0 1
1 298
0 1
1 481
0 0
0 1
1 11
1 629
1 893
0 1
0 2
1 168
0 0
0 1
0 0
0 0
1 308
1 205
0 0
1 197
0 3
1 659
0 2
0 0
1 297
0 0
1 974
0 0
1 156
1 952
1 616
0 0
0 3
1 965
0 2
0 1
0 0
1 158
0 1
0 1
0 3
0 2
1 918
1 421
1 33
1 816
1 266
1 127
1 173
0 2
0 3
0 1
1 426
0 3
1 987
1 626
1 704
0 1
1 774
0 0
1 269
1 736
1 58
0 0
0 1
0 1
1 266
0 2
1 58
1 477
0 2
0 0
1 220
1 67
0 3
0 3
0 0
0 1
0 1
1 724
1 359
1 442
1 911
0 1
1 999
1 917
1 574
0 0
0 3
0 2
1 348
1 393
1 183
0 0
0 1
0 2
1 837
0 3
1 715
1 3
1 560
0 1
1 318
0 1
1 446
1 92
1 815
0 0
0 1
0 0
1 893
0 1
0 1
1 538
0 3
1 644
1 468
1 1
0 2
1 837
1 952
1 426
1 227
1 283
0 2
0 1
0 0
1 976
1 320
0 1
1 238
1 76
0 3
1 912
1 182
0 0
0 0
1 688
0 3
1 863
0 0
0 2
0 1
1 429
1 326
0 0
1 761
0 2
1 154
1 608
0 1
1 225
0 1
1 549
0 2
1 559
0 1
1 400
1 195
1 503
1 453
1 145
1 921
1 502
1 129
1 452
1 784
0 1
0 1
0 0
1 491
0 0
0 1
1 881
0 2
0 1
1 747
1 45
0 0
1 411
1 498
0 3
1 259
0 0
0 0
1 686
1 476
0 1
1 573
0 2
0 3
0 0
1 865
0 1
0 0
0 0
1 587
1 184
0 0
0 1
1 987
0 0
0 0
1 437
0 1
1 207
1 711
0 1
0 0
1 20
0 3
0 0
1 402
1 524
1 582
0 0
0 1
1 830
0 0
1 315
0 3
1 744
1 882
0 0
1 84
0 2
1 495
1 683
0 3
1 807
1 35
0 0
1 715
1 512
0 0
0 0
0 2
1 766
0 2
0 0
0 0
1 883
1 900
1 852
1 584
1 575
0 0
1 607
1 834
0 0
1 458
0 1
0 1
0 2
0 1
0 1
0 3
0 0
0 1
1 159
0 0
0 0
1 437
0 3
1 572
0 0
1 655
1 481
1 955
1 639
0 3
0 2
1 398
1 739
1 609
1 582
1 279
1 399
1 43
1 410
0 2
1 833
1 251
1 618
1 138
0 2
1 208
0 1
0 0
1 883
0 0
0 0
0 3
0 2
1 419
1 961
1 2
1 870
0 0
1 207
0 3
1 369
0 0
1 740
0 0
0 3
0 0
1 325
0 1
1 931
1 467
1 414
1 709
1 847
1 997
1 171
0 0
0 3
1 238
0 3
0 2
0 0
1 888
0 2
0 0
1 827
1 789
0 0
0 3
0 3
1 215
1 871
1 291
0 3
1 36
0 3
1 810
0 2
0 0
0 0
0 0
1 744
1 495
1 158
0 2
1 736
0 1
1 650
0 1
1 628
0 1
1 869
1 663
1 3
1 79
1 376
0 1
1 225
1 330
0 1
1 860
1 944
1 124
0 3
0 1
0 1
0 1
1 634
1 636
1 57
0 2
1 812
0 3
0 1
0 1
0 1
1 634
0 0
1 966
1 92
1 261
0 1
1 267
0 2
1 777
1 887
0 3
0 2
1 589
0 2
0 0
1 652
0 0
1 940
0 0
0 0
0 1
0 0
0 0
0 0
1 533
0 1
1 109
0 1
1 668
0 1
1 542
1 286
0 1
0 1
1 662
1 466
1 33
1 259
0 3
0 2
0 2
1 648
0 3
1 727
0 0
1 754
1 815
1 780
1 934
1 708
1 96
0 3
0 3
0 3
0 3
1 461
0 2
0 3
0 1
0 1
1 11
0 3
1 957
1 835
1 651
1 225
1 149
0 2
1 905
0 0
0 3
1 12
1 29
0 0
1 580
1 838
1 922
0 1
1 35
0 2
1 141
1 938
0 0
0 0
0 0
1 795
1 858
1 802
1 208
0 0
1 237
0 0
1 533
1 236
1 504
0 3
1 797
0 3
0 0
1 969
1 641
0 3
1 589
0 0
1 31
1 60
1 461
0 0
0 0
1 409
1 605
0 2
0 3
0 2
1 809
1 81
0 2
1 835
1 243
0 1
1 131
1 54
0 0
1 148
0 1
0 1
1 602
1 318
0 3
0 0
1 184
0 1
1 867
0 2
0 1
1 676
0 0
0 1
0 1
1 417
0 1
0 0
0 1
1 832
1 437
1 916
0 0
0 3
0 0
0 1
0 0
1 709
1 532
0 0
1 494
0 3
1 349
1 115
0 3
0 1
1 659
1 647
1 983
1 946
1 985
0 2
0 0
1 278
1 817
0 1
1 395
0 1
0 0
1 467
0 0
0 0
1 274
0 3
0 0
0 0
1 765
0 0
1 995
1 724
1 845
0 0
0 3
1 516
1 127
0 1
1 411
1 235
0 2
0 0
1 121
1 362
1 816
1 365
0 2
1 862
1 168
0 3
1 942
0 2
1 559
1 737
0 0
0 1
1 999
0 3
1 618
0 2
0 1
0 3
1 93
0 1
0 1
0 0
0 1
0 0
1 878
1 379
0 3
0 0
1 732
1 344
1 297
0 0
1 455
1 580
0 1
1 176
0 1
0 2
0 1
0 0
0 0
1 611
0 0
1 752
1 250
0 1
1 830
0 2
1 593
0 3
1 510
0 3
0 2
0 1
1 0
1 596
1 606
1 428
1 334
0 1
0 0
1 373
0 2
1 928
0 3
1 700
0 1
1 7
0 2
0 0
0 2
0 2
0 2
1 884
0 0
0 2
1 103
0 3
0 3
1 153
0 1
1 307
1 94
0 1
1 731
1 88
1 48
0 2
0 3
1 228
0 1
1 85
0 1
1 201
0 2
0 0
0 0
0 1
0 3
0 0
1 218
1 817
1 632
0 0
1 817
0 1
0 0
1 668
0 3
0 2
0 2
1 855
1 847
1 339
1 376
0 1
0 1
0 0
1 68
1 325
0 1
1 708
1 861
1 419
0 3
1 32
0 1
0 0
0 1
0 1
1 360
1 13
0 3
1 690
1 259
0 0
1 909
0 1
1 483
1 231
1 629
1 366
0 3
1 399
0 0
1 673
1 598
0 3
0 2
0 2
1 461
0 0
1 721
1 971
1 212
0 1
1 974
0 2
1 919
1 147
0 2
0 1
1 236
1 708
0 0
0 1
0 3
1 251
0 3
0 0
0 3
0 2
0 1
0 1
0 1
1 247
1 175
0 2
1 197
1 868
1 859
0 3
0 2
0 0
1 968
0 0
0 0
0 3
0 1
1 226
0 0
0 0
1 641
0 3
0 1
1 919
1 260
1 337
1 687
1 411
0 1
0 3
1 882
1 453
1 849
0 3
1 584
1 307
0 1
1 808
0 0
0 3
1 406
1 979
1 491
0 3
1 832
1 199
0 2
1 201
0 1
1 88
1 652
1 890
1 165
0 0
1 436
1 146
1 686
0 2
1 36
1 36
1 536
0 3
0 2
1 21
1 694
1 536
0 3
0 2
1 618
1 888
0 0
0 3
0 2
1 421
0 3
0 0
1 846
1 232
0 2
1 320
1 83
1 461
1 132
1 541
0 2
0 3
0 2
1 651
0 1
1 924
0 0
1 835
0 2
1 930
0 1
1 808
1 590
1 435
1 642
0 3
1 48
0 1
1 600
1 830
1 462
1 856
1 82
0 3
0 3
1 240
1 388
1 664
0 2
1 849
0 0
1 499
0 3
0 2
1 168
1 387
0 0
0 1
0 1
1 942
1 741
1 249
0 3
0 0
1 540
1 979
0 2
1 711
0 0
1 969
0 0
1 613
0 0
1 942
1 887
1 891
1 144
0 0
1 309
1 942
1 892
1 251
0 2
0 1
0 0
1 639
0 1
0 0
1 518
0 1
1 905
0 0
1 597
1 489
1 211
1 51
1 601
1 600
0 0
1 246
0 1
1 484
0 0
1 5
0 3
1 331
0 0
0 2
1 145
0 3
0 2
0 1
1 725
1 956
1 272
1 755
1 116
0 2
0 0
0 1
1 62
0 0
1 655
1 954
1 468
1 992
0 0
0 3
1 75
0 3
0 1
0 1
0 1
0 0
0 3
0 1
1 313
0 0
0 0
1 856
0 1
1 258
0 0
0 1
0 3
0 3
1 479
1 468
1 867
1 712
1 462
0 2
1 194
1 161
0 1
0 1
0 1
1 904
1 852
1 283
0 0
0 3
1 316
0 0
0 0
1 211
1 50
1 731
1 842
0 2
0 3
0 0
1 856
0 1
1 955
0 1
0 0
1 598
1 922
1 968
1 187
0 2
0 3
1 895
0 2
1 487
0 0
0 1
0 1
1 343
0 1
1 199
1 817
0 1
1 26
0 2
0 0
0 0
1 237
1 941
0 3
0 1
1 791
0 1
0 0
0 1
1 690
0 1
1 34
1 83
1 295
1 38
0 3
1 217
0 1
0 1
0 3
1 807
1 737
1 232
1 733
1 646
0 0
1 557
0 1
1 845
1 770
1 331
0 1
1 27
1 246
0 1
1 895
0 2
0 1
0 0
1 528
1 480
1 520
0 1
1 135
0 1
0 1
1 916
0 1
1 342
1 439
0 2
0 0
1 81
0 0
0 3
1 287
1 688
1 39
0 0
1 696
0 1
0 3
1 731
0 1
1 283
0 2
0 1
0 1
1 320
1 307
1 358
1 475
0 2
1 309
0 0
0 3
0 0
0 0
1 647
1 798
0 0
1 638
0 3
1 289
1 563
1 326
0 3
1 381
0 0
0 2
1 289
1 248
0 0
0 1
1 866
0 3
1 618
1 72
1 338
0 3
0 0
1 141
1 479
1 53
0 2
0 0
1 253
1 526
0 2
0 0
1 792
1 997
1 390
0 1
0 0
1 30
1 384
1 292
1 665
1 58
0 3
0 2
0 3
0 0
1 736
1 410
1 679
0 3
0 2
1 186
0 0
0 3
0 0
1 300
1 98
1 812
0 2
1 262
1 822
1 685
1 416
0 3
1 498
0 2
0 1
0 0
0 3
1 835
1 753
0 2
0 1
0 1
1 337
1 546
0 1
1 59
1 399
1 410
0 3
0 0
1 8
0 2
0 1
0 0
1 295
0 3
1 252
1 964
1 975
1 203
1 723
0 1
0 1
0 0
1 672
1 653
1 283
1 831
0 2
1 73
1 31
0 2
0 3
0 1
0 3
0 0
1 309
1 700
0 1
1 385
0 2
1 570
0 1
1 781
1 943
1 794
1 55
0 0
0 1
0 3
1 140
1 354
1 494
1 207
1 144
1 494
1 175
1 135
1 752
1 984
0 1
0 1
0 3
1 939
1 537
1 567
1 487
0 0
0 1
0 1
1 303
0 0
1 691
0 0
0 3
1 721
1 850
0 3
0 0
0 0
0 1
0 0
0 1
0 3
0 2
0 1
1 208
1 911
0 0
1 940
1 708
1 358
1 602
1 950
1 879
1 355
0 1
1 893
0 2
1 533
1 827
0 1
0 0
1 22
0 3
1 428
1 900
1 312
0 1
0 2
0 1
0 1
1 941
0 1
1 897
0 0
1 49
1 596
0 3
0 2
0 2
1 323
0 3
1 963
0 3
1 810
1 669
0 0
1 235
1 289
1 183
0 2
0 3
0 0
0 1
1 635
0 2
0 1
1 239
0 0
0 1
1 814
1 580
1 815
1 327
0 0
1 929
1 465
0 3
1 244
0 3
0 1
0 2
1 682
0 1
0 0
1 155
1 744
0 0
1 832
0 0
0 0
1 382
0 3
0 0
0 1
0 0
0 0
0 0
0 3
1 91
1 942
0 1
1 848
0 2
1 875
1 755
0 3
1 251
1 290
1 515
1 465
1 429
0 1
0 0
0 1
1 87
1 884
0 1
0 2
1 867
1 612
1 798
1 209
0 2
1 60
0 3
0 0
0 3
1 267
0 2
1 166
1 713
1 539
0 1
0 1
0 1
1 916
0 1
0 0
1 402
0 3
0 1
0 0
1 917
1 89
1 96
1 558
1 254
1 171
0 2
0 1
0 0
0 0
1 506
1 813
0 3
0 2
1 172
0 2
1 904
0 3
0 1
1 465
1 241
0 3
1 732
1 914
0 0
0 2
0 1
1 511
1 388
0 0
0 2
0 0
0 1
1 343
1 646
0 0
0 0
1 175
1 177
1 315
1 232
0 2
0 1
1 312
0 1
1 420
0 1
0 1
0 0
1 780
0 1
1 191
1 327
0 1
1 105
1 683
0 0
1 49
1 685
0 3
1 812
0 1
1 348
1 628
1 545
1 284
1 226
0 2
1 635
0 3
0 1
1 200
0 0
1 754
0 1
1 858
1 944
1 407
0 3
1 920
0 3
1 549
1 897
0 2
1 948
1 172
0 3
0 0
0 1
1 785
1 987
0 3
0 2
0 1
0 1
1 863
1 419
0 1
1 479
0 1
0 0
0 1
1 927
1 2
1 636
1 375
1 502
1 819
0 0
1 114
1 262
1 466
0 3
1 361
0 0
0 0
0 1
1 192
1 59
1 796
1 100
1 827
1 529
0 0
1 164
1 376
1 387
0 1
1 862
1 384
1 96
0 2
1 651
0 0
0 0
0 1
1 75
1 646
0 1
1 715
0 2
1 235
0 0
1 780
0 1
1 571
1 177
0 0
0 1
0 1
1 190
1 266
1 216
1 482
0 1
0 2
0 1
0 3
1 263
1 818
0 2
1 150
1 598
0 0
0 1
0 3
0 0
1 387
1 47
1 653
1 497
0 0
1 500
1 505
1 368
1 697
1 761
1 432
1 525
0 3
1 432
0 2
1 177
0 3
1 246
0 2
1 861
0 1
0 2
0 1
0 0
0 0
1 351
1 240
0 1
1 552
1 553
0 3
1 116
0 0
1 844
0 3
0 0
0 3
1 598
1 650
0 3
1 524
0 0
0 1
0 1
1 887
0 0
0 0
1 911
0 0
0 2
1 641
1 62
1 248
0 3
0 2
0 1
0 1
0 3
1 782
1 932
1 518
0 0
0 3
1 256
1 519
1 491
0 1
1 739
1 565
1 936
0 2
0 3
0 1
1 260
1 564
0 2
0 0
1 918
1 457
0 2
1 557
1 450
0 1
1 453
0 1
1 335
1 418
1 555
1 658
0 0
0 1
0 0
0 0
0 0
1 365
1 719
1 610
0 2
0 3
1 880
1 457
1 773
0 2
0 0
0 0
0 3
1 445
0 0
0 0
0 0
0 2
1 668
0 3
0 0
0 2
0 1
0 1
1 328
0 3
1 170
0 2
1 318
0 3
1 488
1 445
0 0
0 1
1 580
1 80
1 220
0 0
1 675
0 3
1 482
1 283
1 650
1 194
1 853
1 396
1 904
1 146
1 544
0 3
0 1
1 672
1 839
1 757
0 2
1 634
1 227
1 558
0 0
0 1
0 0
1 459
1 671
1 107
0 3
0 0
1 26
1 40
1 988
0 0
0 1
0 1
1 477
1 48
1 681
0 0
0 0
0 1
0 3
1 75
0 2
1 636
0 0
0 3
1 421
0 2
0 1
0 2
1 202
0 1
1 333
0 1
0 1
0 0
0 0
0 0
1 991
0 0
1 492
1 913
0 1
1 910
1 373
1 35
0 1
0 2
0 1
0 1
0 1
0 0
1 201
0 0
1 228
1 736
1 460
1 186
0 3
0 0
0 1
0 0
0 1
0 0
1 380
1 65
1 176
1 754
1 630
0 2
1 36
1 575
0 1
1 87
1 698
1 276
1 0
0 2
1 124
0 3
1 221
0 3
0 0
0 0
0 0
0 3
1 542
0 3
0 1
0 0
1 352
1 690
0 3
0 1
1 639
1 380
0 3
1 403
1 294
0 0
1 587
0 3
0 1
0 2
0 0
0 0
0 0
0 0
1 499
0 0
1 74
0 0
0 1
0 3
0 0
0 3
0 2
1 90
1 945
0 2
0 3
1 793
0 3
1 495
0 1
1 0
1 833
1 60
0 1
0 2
0 1
0 2
0 0
0 0
0 0
0 0
1 800
0 0
1 511
1 522
1 11
1 359
1 404
0 3
1 922
1 858
0 2
1 513
1 865
1 37
1 513
1 985
0 1
1 680
1 225
0 1
0 0
0 2
1 67
1 272
1 519
1 254
0 3
1 172
0 0
1 556
1 184
0 1
1 109
1 688
0 0
1 833
0 1
0 2
1 745
1 744
0 2
0 0
0 0
1 559
0 1
1 681
0 0
0 3
0 0
0 2
0 1
1 631
0 0
0 0
1 906
1 734
0 2
0 3
0 2
1 590
1 88
0 3
1 4
0 3
0 3
1 441
1 609
1 94
1 878
0 2
1 333
0 3
1 536
1 697
1 953
0 3
0 1
0 1
1 275
1 46
0 3
0 2
0 0
1 445
0 1
1 576
0 1
1 933
0 1
1 56
0 0
1 856
1 999
1 862
0 3
1 486
1 366
0 0
0 1
0 1
1 453
0 2
0 1
0 0
1 603
1 216
0 3
1 910
1 41
1 409
1 83
0 1
1 328
0 2
1 222
0 3
0 0
1 699
0 3
0 1
0 1
0 0
0 2
0 2
0 1
0 1
1 225
1 145
0 2
0 0
0 3
1 865
1 960
1 191
0 2
1 404
0 0
0 0
1 746
1 761
0 1
1 806
0 0
1 706
1 19
1 715
1 889
1 49
0 3
1 933
0 0
0 0
1 225
1 236
1 309
1 217
0 3
0 3
1 715
1 340
1 676
0 0
0 2
1 825
1 620
0 0
0 0
0 0
1 987
0 1
0 3
1 966
1 263
1 112
1 917
1 418
1 781
1 618
0 0
0 0
0 3
1 707
1 318
0 1
0 2
1 902
0 3
0 0
1 637
0 3
1 810
0 2
0 1
0 0
1 848
0 0
1 725
0 3
1 811
1 485
0 2
0 0
1 307
1 588
1 563
0 1
1 387
0 2
0 3
0 2
1 910
1 502
0 1
1 122
1 261
1 689
1 397
1 408
1 774
1 690
1 96
0 3
0 3
1 609
1 82
0 2
0 0
1 430
0 0
1 175
1 475
0 1
1 759
1 888
1 342
0 3
0 3
1 871
0 3
1 391
1 128
0 2
1 603
1 495
0 2
1 321
0 3
0 3
0 2
1 61
0 0
0 1
1 413
0 0
0 1
0 1
1 680
1 56
0 3
0 2
1 78
1 423
0 2
1 579
1 532
0 2
1 846
1 619
1 18
0 0
1 101
0 0
0 3
1 249
1 188
1 490
0 1
0 1
1 317
0 3
1 278
0 1
0 0
1 934
1 359
0 1
1 193
0 1
1 244
1 237
1 85
0 1
1 735
1 442
1 674
1 309
1 147
1 377
0 2
0 1
0 0
1 824
0 1
0 1
1 844
1 693
1 477
0 0
0 1
1 165
0 2
1 579
0 0
0 1
1 872
0 0
0 0
1 544
0 0
1 147
1 923
1 206
1 785
1 690
1 759
0 3
0 1
0 0
1 403
1 369
0 3
0 2
0 1
0 0
1 516
1 143
0 1
0 2
1 322
0 3
0 1
1 843
1 350
0 1
1 881
1 896
0 0
0 3
1 634
0 1
1 507
1 243
0 1
1 369
1 620
1 422
0 1
1 232
1 660
1 885
0 3
0 2
0 0
0 0
1 339
0 0
1 179
1 665
1 758
0 2
0 0
0 0
1 398
1 645
0 3
1 614
0 2
1 435
1 607
1 323
1 920
1 657
0 2
0 1
0 0
0 0
1 941
1 529
1 638
1 293
0 1
0 3
0 3
0 0
1 27
1 467
1 788
0 2
0 0
1 287
0 3
0 1
1 439
0 0
1 694
1 323
0 3
0 1
0 0
0 0
0 1
1 45
1 797
1 166
0 3
1 894
0 0
0 3
1 378
1 423
0 0
1 548
1 864
0 1
0 1
1 583
0 2
0 3
0 0
1 147
1 369
0 2
0 1
0 0
0 3
0 0
0 1
0 0
1 161
1 601
0 1
1 226
1 685
0 3
0 1
1 337
0 0
1 569
1 854
1 643
1 225
0 3
0 1
0 3
1 746
0 1
0 2
0 1
1 663
1 441
0 1
0 1
1 715
0 1
1 221
1 640
1 152
0 1
1 942
0 3
1 447
1 366
1 252
1 185
1 61
1 184
0 0
1 176
1 698
0 2
0 1
0 0
1 67
1 617
0 3
1 938
0 2
1 234
1 25
0 0
1 411
0 1
1 120
0 0
0 0
1 764
0 2
1 236
1 644
1 194
0 3
0 3
0 1
0 0
1 316
0 1
0 0
1 778
0 1
0 1
1 439
0 0
1 761
1 550
1 369
1 56
1 79
1 771
0 2
0 3
0 0
0 2
0 0
0 3
0 1
1 208
0 2
0 1
0 1
0 0
1 34
0 1
0 0
0 0
0 1
0 0
0 0
1 93
1 715
1 764
0 0
1 748
0 3
0 2
0 1
1 763
1 722
0 1
1 965
1 686
1 78
0 2
0 3
1 910
1 593
1 525
0 0
0 3
1 485
0 2
1 592
1 899
0 1
1 194
1 107
0 0
1 17
1 399
0 1
0 2
0 1
0 1
1 385
0 1
1 727
1 770
1 725
0 2
1 94
1 326
0 3
0 0
0 1
1 353
1 528
1 898
1 73
0 1
0 1
0 0
1 148
0 0
0 0
1 779
1 936
0 0
1 768
0 1
1 885
0 1
0 0
0 1
0 2
1 791
0 1
0 2
0 0
1 175
0 0
1 954
0 0
1 362
1 98
0 2
1 943
0 0
0 1
0 1
1 716
1 402
1 623
1 47
1 837
0 1
0 2
1 607
1 618
1 31
0 2
0 1
1 514
1 441
0 1
0 1
0 0
1 668
1 256
0 3
0 0
1 573
1 671
1 934
1 316
0 2
0 3
1 616
1 870
0 1
1 120
1 663
0 0
0 0
1 979
0 3
1 467
1 691
1 981
0 1
0 1
0 0
1 272
1 260
1 338
0 0
0 1
1 55
0 1
0 2
1 597
0 1
0 1
1 35
0 0
0 3
0 2
0 1
1 338
1 9
1 724
0 3
1 573
0 2
0 1
1 902
0 1
1 62
1 288
0 3
0 1
0 2
1 318
1 706
1 832
0 1
0 2
0 0
0 1
1 56
1 329
1 802
1 649
1 630
0 2
1 390
1 368
0 3
0 1
1 138
0 3
0 1
0 2
0 1
0 0
1 560
1 519
1 54
0 0
1 118
1 859
1 753
1 831
1 225
0 3
0 3
1 728
0 3
1 31
1 452
0 3
1 967
1 517
1 800
1 740
0 1
0 1
0 2
1 820
0 0
0 0
1 141
1 697
1 197
1 705
0 3
0 0
1 789
1 344
0 1
0 2
1 409
0 3
0 0
1 138
1 635
1 588
1 813
0 3
0 0
0 2
0 0
0 0
1 794
0 3
0 2
0 2
0 0
1 493
0 3
1 480
0 1
0 2
0 0
1 317
1 659
1 862
0 1
1 436
1 459
0 1
1 98
0 1
0 2
1 924
0 0
0 0
1 204
0 3
1 526
1 672
0 0
0 3
1 738
1 584
0 3
1 183
1 953
0 1
0 1
0 2
0 2
1 459
0 2
1 719
1 622
0 0
1 629
0 2
1 431
1 667
0 3
0 2
1 21
1 443
1 298
0 2
1 279
1 307
0 1
0 0
1 440
1 484
0 3
1 40
1 911
1 654
0 1
0 0
1 173
0 1
1 626
0 1
0 2
0 2
1 255
0 1
0 1
1 542
0 1
1 931
0 2
0 1
1 327
0 3
1 727
0 0
0 3
1 934
0 0
1 731
1 596
0 3
1 690
1 23
0 2
1 725
1 233
1 653
1 529
1 727
0 0
1 233
1 805
1 759
1 460
0 1
1 261
1 139
1 75
0 2
1 822
0 0
1 706
0 0
0 1
0 1
0 3
0 1
0 3
1 649
1 943
0 2
0 0
1 970
1 512
1 931
0 3
0 2
0 1
0 0
0 1
0 0
1 155
0 0
1 24
1 311
1 700
1 529
0 1
1 831
1 463
1 645
1 391
1 408
0 2
0 0
1 222
1 947
0 1
0 0
0 3
1 660
1 630
1 74
0 0
0 1
1 988
1 607
1 913
1 467
0 1
0 2
1 766
1 838
0 3
1 616
0 2
0 0
0 1
1 914
0 0
0 0
0 0
1 571
1 230
0 3
0 1
1 94
1 610
0 3
1 718
0 0
1 542
1 529
1 430
0 2
1 42
0 1
0 1
1 328
1 663
1 47
1 740
0 0
1 144
0 2
0 0
0 0
0 1
0 0
1 947
1 497
1 83
0 0
1 783
1 466
0 2
0 1
0 0
0 1
0 0
0 1
0 1
0 0
0 1
0 0
0 0
0 2
1 350
0 0
0 1
0 1
0 3
0 0
0 0
0 0
0 1
1 188
0 1
1 931
0 1
0 2
1 835
1 603
1 308
0 2
1 108
0 1
1 342
1 143
0 2
1 881
1 214
0 2
1 669
0 1
0 1
1 804
0 1
0 1
1 633
0 0
0 1
1 149
1 460
0 3
1 984
0 1
1 122
0 0
1 739
0 0
1 680
1 182
0 3
0 2
1 343
1 238
0 1
1 530
0 1
1 763
1 943
1 229
1 799
1 174
1 953
1 47
1 711
0 0
0 3
1 228
0 0
1 598
0 3
0 0
0 3
1 191
0 0
1 396
1 40
1 660
1 650
1 750
0 3
0 1
0 2
0 0
1 66
0 1
1 422
0 0
1 918
0 0
1 220
0 0
0 0
1 343
1 113
1 536
1 916
0 0
0 2
0 0
1 732
1 239
1 520
0 0
0 3
1 689
0 0
0 0
1 910
0 3
1 862
1 253
1 792
1 136
0 3
0 1
1 773
1 459
0 3
0 0
1 884
0 0
0 2
1 401
1 733
0 3
0 1
0 1
1 989
1 757
0 0
0 1
0 0
1 229
1 51
1 308
0 2
0 3
0 1
1 703
1 842
0 3
0 0
1 97
0 0
0 0
0 1
1 829
0 1
1 739
1 51
1 357
1 899
1 270
0 1
0 1
0 2
1 185
0 0
0 1
1 743
1 965
0 1
1 695
1 839
1 13
1 573
1 350
1 410
0 2
0 1
0 1
0 3
1 318
0 0
1 229
0 3
0 1
1 836
1 919
0 2
1 112
1 192
0 1
1 712
1 92
0 3
0 2
1 987
1 190
0 3
0 1
0 1
0 1
0 0
0 0
0 0
0 1
0 1
1 573
0 1
1 302
1 711
1 53
1 729
0 0
0 1
0 1
0 1
0 0
0 0
1 439
1 806
0 0
1 154
0 3
0 0
1 823
1 918
1 564
1 806
0 2
0 3
1 889
0 3
1 527
0 3
0 0
0 1
1 380
1 936
1 519
1 886
1 300
1 306
0 2
0 3
0 0
0 2
1 123
0 3
0 3
0 1
1 301
1 300
0 0
1 309
1 390
1 945
1 685
0 2
0 1
0 1
1 167
1 712
1 831
0 1
1 71
1 765
1 958
1 605
0 3
0 1
0 3
1 627
1 674
1 546
0 0
1 382
1 359
0 1
0 3
1 62
0 2
1 446
0 1
0 0
0 1
0 1
0 3
1 404
0 1
0 0
0 3
0 1
0 2
1 182
1 277
1 151
0 0
1 916
1 952
0 2
1 770
1 500
0 1
1 57
1 972
0 0
0 2
1 566
1 67
1 766
1 267
1 688
1 611
1 403
1 191
0 0
1 909
1 282
1 201
1 17
1 350
0 1
0 2
0 0
1 901
0 1
0 0
1 357
0 1
1 45
1 708
0 0
0 1
1 26
0 1
1 289
1 788
1 388
1 916
1 964
0 0
1 273
1 303
0 0
0 3
1 350
0 1
0 2
1 566
1 586
1 754
1 772
0 1
1 879
1 833
0 1
0 0
1 535
0 1
0 0
0 1
0 1
0 0
0 1
0 1
0 1
0 3
0 1
0 0
0 2
0 1
0 0
0 0
0 0
0 3
0 2
0 1
0 0
0 0
0 1
0 0
0 1
0 2
0 0
0 0
0 2
0 1
0 0
0 3
0 0
0 1
0 1
0 2
0 1
0 1
0 0
0 0
0 3
0 0
0 0
0 0
0 3
0 0
0 1
0 2
0 3
0 1
0 1
0 3
0 2
0 0
0 2
0 3
0 2
0 0
0 3
0 3
0 0
0 1
0 0
0 1
0 1
0 0
0 0
0 1
0 1
0 1
0 0
0 3
0 0
0 3
0 0
0 1
0 1
0 0
0 3
0 0
0 0
0 2
0 0
0 1
0 0
0 1
0 3
0 0
0 0
0 1
0 0
0 0
0 1
0 1
0 1
