4999
1 4
1 544
0 0
1 365
1 86
1 921
1 974
0 0
1 68
1 249
1 123
1 845
0 1
1 154
0 2
1 31
0 0
1 243
1 639
1 230
1 878
1 812
1 822
0 3
0 2
0 1
1 682
1 360
1 703
0 2
0 3
1 629
0 1
0 0
0 1
0 3
0 1
0 0
0 1
0 3
0 1
0 0
1 313
0 0
0 2
1 759
1 444
1 49
0 1
0 3
1 540
0 2
1 737
1 243
0 3
1 22
1 672
1 468
0 2
0 3
0 1
0 3
0 3
1 936
0 0
1 782
0 1
1 657
0 0
1 329
1 943
1 712
0 2
1 658
0 3
0 0
1 348
0 1
1 155
0 2
0 1
1 519
1 256
1 621
0 1
1 58
0 2
0 1
1 540
1 548
0 3
0 2
1 976
1 784
1 367
1 768
1 544
0 1
1 739
0 1
0 0
0 0
0 3
1 691
1 242
1 4
0 3
0 3
0 1
1 795
0 2
1 112
1 86
0 3
1 305
0 3
1 736
0 1
1 195
0 0
1 743
0 2
1 995
1 365
1 858
0 1
0 2
0 1
0 0
1 712
0 1
0 3
0 0
1 969
0 1
1 992
1 36
0 2
0 0
1 192
0 0
1 753
1 790
0 0
0 0
1 235
1 403
1 149
1 979
1 646
1 33
0 1
0 2
1 324
0 1
0 0
1 952
1 381
1 428
1 697
1 153
0 1
0 0
1 596
1 6
1 777
0 2
1 540
0 1
0 1
1 323
0 1
1 664
0 0
1 492
1 510
0 2
0 1
0 0
1 41
0 1
1 723
1 626
1 307
1 552
1 567
0 0
1 89
0 3
1 642
1 702
0 3
1 685
0 1
0 1
1 906
0 0
1 588
1 161
0 3
1 191
0 1
1 73
1 375
1 462
0 0
0 0
0 2
1 832
0 1
0 1
1 426
0 3
0 2
1 328
1 444
1 132
0 3
0 1
1 600
0 1
0 0
0 0
1 366
1 580
1 274
0 3
0 2
0 1
0 0
1 484
1 182
0 0
0 3
1 735
1 74
1 544
0 3
0 2
1 558
0 1
0 2
0 0
0 1
1 802
0 3
1 631
1 845
0 1
0 2
0 0
0 1
1 375
0 3
1 578
0 1
1 428
1 212
1 60
1 126
0 2
0 3
0 0
1 742
0 1
1 507
0 0
1 983
0 1
0 1
1 160
1 811
0 0
0 3
0 3
1 942
0 3
0 0
0 1
1 418
1 605
0 2
0 1
1 990
0 1
1 502
1 627
1 339
1 124
1 397
0 3
0 1
1 714
1 73
1 47
0 0
0 1
0 3
1 145
1 232
1 46
1 68
1 727
1 112
0 3
1 934
0 2
0 3
1 980
0 3
1 697
0 2
0 1
1 842
0 0
1 938
1 533
0 2
1 922
0 3
0 0
0 2
1 570
0 1
1 587
0 0
1 823
0 1
0 3
1 534
1 351
0 3
1 42
0 3
0 0
0 2
0 0
0 3
1 369
0 2
0 1
1 699
0 0
1 114
1 706
0 3
0 1
1 678
0 1
1 978
1 460
0 1
0 0
1 553
0 0
1 808
1 679
1 579
0 0
1 946
0 1
0 1
1 673
0 0
0 1
1 527
1 858
1 170
1 345
1 957
0 0
1 603
0 1
1 657
0 2
1 726
1 640
1 404
1 622
1 32
1 161
1 311
0 1
0 0
0 1
0 1
0 1
0 3
1 47
1 724
1 46
1 295
1 871
1 543
1 472
0 2
0 0
1 876
0 1
1 750
1 507
1 269
0 3
0 2
0 3
1 317
0 3
0 2
1 588
1 204
0 3
1 818
1 431
1 705
1 56
0 1
0 1
0 0
1 269
0 3
1 23
1 246
1 841
0 2
0 3
1 63
1 408
0 3
1 25
0 3
0 2
1 141
0 3
1 618
0 3
0 0
0 2
0 1
0 1
1 391
0 1
1 734
1 143
0 3
1 693
0 3
1 678
1 778
1 640
0 3
1 936
0 1
1 835
0 2
0 0
1 575
0 1
1 729
1 485
0 0
0 1
0 1
1 715
0 3
0 0
1 903
1 287
1 373
1 95
1 14
0 1
0 2
0 3
1 476
0 0
0 3
1 419
1 897
1 431
0 1
1 82
0 2
1 480
0 0
0 3
1 795
1 946
0 3
1 888
1 628
1 722
1 397
0 2
0 1
1 655
0 0
1 639
1 946
1 726
1 940
1 175
1 986
0 2
0 3
1 893
1 125
1 550
1 362
1 49
1 169
1 880
0 1
0 1
0 0
1 555
1 807
1 545
0 1
0 3
0 0
0 3
0 1
1 177
1 643
0 2
1 274
0 0
0 1
0 1
0 0
0 0
0 3
1 771
0 0
0 3
0 0
0 1
1 88
0 0
0 1
1 220
1 384
1 115
1 295
0 2
1 528
0 1
0 0
1 642
0 1
1 461
0 0
0 3
0 1
1 447
0 0
0 0
0 2
1 279
1 32
0 0
0 1
1 829
0 1
0 0
0 0
0 0
0 0
0 0
0 3
0 0
0 3
0 0
1 367
1 565
0 2
1 918
1 806
0 1
1 14
1 648
1 975
0 0
1 985
0 1
0 0
1 532
1 843
0 1
0 1
0 2
1 684
0 0
0 3
0 1
1 180
1 407
0 3
1 91
1 778
1 903
0 3
1 608
1 182
1 699
0 2
1 701
0 1
1 499
0 0
0 3
0 1
1 657
0 3
1 428
1 232
0 1
1 726
0 3
0 0
0 0
1 269
0 2
0 0
1 887
0 1
1 770
0 1
1 80
1 896
1 900
0 0
1 955
0 0
0 2
1 647
1 658
1 770
0 3
1 665
1 612
1 193
1 352
1 295
1 389
1 987
0 0
1 663
1 563
0 2
1 942
1 312
0 1
0 3
1 105
0 0
0 3
0 3
0 3
0 3
0 1
0 3
0 2
0 0
0 1
1 414
0 1
1 491
0 3
0 3
1 138
0 3
1 479
0 3
1 973
0 0
1 156
1 33
0 3
1 518
1 107
0 1
1 46
1 691
1 889
1 961
0 0
1 615
1 482
0 1
1 65
0 0
0 0
0 0
1 329
0 1
1 579
0 3
0 2
0 0
0 2
1 305
1 319
1 3
0 2
0 0
0 0
1 372
1 104
0 3
0 1
0 0
1 340
1 3
0 3
0 0
1 174
0 1
1 208
0 1
1 844
0 1
0 0
1 894
0 0
1 751
1 895
0 2
0 0
1 864
1 662
1 24
1 741
0 0
1 222
0 2
0 0
0 0
0 0
1 548
0 1
1 552
0 1
1 704
1 398
1 437
0 3
0 2
1 614
1 104
0 1
1 910
1 112
1 339
0 2
1 673
1 716
0 2
1 457
0 0
1 842
1 367
1 252
1 172
1 82
1 827
0 1
0 1
0 1
0 2
1 897
0 1
0 0
1 869
1 500
1 833
0 0
0 3
1 433
0 3
1 350
0 3
0 1
0 1
0 0
0 3
1 405
0 3
0 2
0 2
1 921
0 2
1 269
1 4
1 121
0 3
0 2
1 347
0 3
0 2
0 1
1 626
0 1
1 544
1 28
1 178
0 0
1 85
0 0
1 552
0 1
1 840
1 117
0 2
1 537
0 0
1 483
1 682
0 2
1 956
0 3
1 784
0 3
1 499
1 363
1 481
0 3
1 57
1 773
0 0
1 625
1 896
1 827
1 55
0 0
0 0
1 28
0 2
0 1
0 1
0 3
1 472
1 728
0 1
1 178
0 0
0 1
0 0
0 0
1 814
1 791
0 2
1 501
0 0
1 171
1 929
1 932
1 157
0 0
1 240
1 22
0 2
1 915
1 649
0 2
1 912
1 813
1 6
0 1
1 179
0 3
0 2
0 1
0 0
1 333
1 913
0 1
0 0
0 3
1 857
1 59
0 3
1 202
0 1
1 173
1 544
0 0
1 186
1 540
1 802
1 580
0 3
0 3
0 2
1 177
0 1
1 501
1 840
0 3
1 913
1 32
0 0
0 0
0 3
0 0
1 471
0 3
1 809
0 2
0 2
0 0
1 779
1 273
1 51
0 2
0 3
1 853
0 3
1 723
1 550
0 0
0 1
1 853
1 947
1 968
1 135
1 319
0 2
1 705
1 118
1 125
1 274
1 402
1 705
0 0
0 1
1 924
1 781
1 703
1 507
0 1
0 2
1 122
0 0
0 0
1 943
0 0
1 68
0 1
0 1
1 131
0 1
1 239
0 0
1 125
1 233
0 2
0 1
0 1
0 3
1 228
0 3
0 0
1 612
0 0
1 610
1 282
0 3
0 3
0 1
1 769
0 0
0 0
1 740
0 1
1 625
1 490
0 2
1 509
1 492
1 512
1 11
0 0
1 270
0 3
0 0
0 3
1 239
1 420
0 1
1 808
0 0
0 1
0 1
0 0
1 263
1 60
1 20
1 469
0 1
0 2
1 263
1 416
0 2
0 1
0 1
1 57
1 151
0 3
0 0
0 3
0 2
0 0
1 698
0 3
0 1
1 359
1 241
1 646
1 797
0 1
1 248
1 77
1 699
1 719
0 2
1 199
1 53
0 0
0 0
1 646
1 165
1 924
1 313
1 972
1 81
1 394
1 358
1 645
1 74
0 0
0 0
0 1
1 982
0 1
1 604
1 494
0 1
1 460
0 0
1 469
1 202
0 1
1 509
0 0
1 572
1 597
1 294
1 196
0 0
0 3
0 3
0 2
0 0
0 1
0 0
1 570
1 216
0 0
1 10
1 345
1 117
0 0
1 484
0 2
1 237
0 1
0 0
1 833
1 478
0 1
0 0
0 1
1 70
1 467
1 143
0 1
1 433
0 1
0 1
1 894
1 717
0 0
1 58
0 1
1 955
1 370
1 731
0 3
1 449
1 782
1 834
0 1
1 616
1 671
1 823
1 389
1 190
1 815
1 139
0 3
1 585
1 964
1 499
1 310
1 30
1 648
0 3
1 996
1 666
1 367
0 1
0 0
1 78
1 81
0 0
1 677
1 616
0 3
1 593
0 0
0 0
0 1
0 3
0 1
1 697
0 1
0 0
0 3
0 2
1 726
1 341
1 706
1 617
1 901
0 1
0 0
1 292
1 40
1 125
1 635
0 3
0 2
0 2
1 346
1 296
1 378
1 582
1 224
0 0
1 450
0 3
0 0
1 126
0 0
1 317
1 799
1 81
1 876
0 3
1 524
1 338
0 2
1 155
1 505
0 3
1 606
0 0
1 958
0 3
1 793
0 2
0 2
0 0
1 305
1 883
1 373
1 824
0 1
1 384
0 0
0 0
1 253
0 1
0 0
0 0
0 1
1 334
1 256
0 3
0 0
0 0
0 1
1 74
0 1
0 1
1 754
0 0
0 0
0 0
0 2
0 3
1 164
0 0
1 956
0 0
0 0
1 554
1 54
1 533
1 371
0 3
1 966
0 1
1 843
1 569
1 859
1 549
0 3
1 249
1 907
1 606
1 869
1 763
0 3
1 215
1 54
1 836
1 374
0 0
0 0
0 1
0 1
1 477
1 578
1 364
1 768
1 333
1 394
1 55
1 690
1 408
0 3
0 0
1 294
0 1
0 1
0 3
1 606
0 2
1 556
1 413
0 3
0 2
0 0
1 154
1 127
0 2
1 332
1 411
0 1
0 0
1 28
0 1
0 1
1 979
0 1
0 1
0 0
0 0
0 3
0 0
1 139
1 659
0 2
0 1
1 251
1 606
1 508
1 101
0 0
0 0
0 0
0 1
1 477
0 0
0 1
0 1
1 615
1 439
1 407
1 499
1 516
1 6
0 0
1 735
1 997
1 118
0 2
0 1
0 0
1 60
0 0
0 1
1 907
0 0
1 348
1 739
1 771
1 917
0 3
0 1
1 11
0 0
1 48
0 0
0 0
0 3
1 598
1 990
0 3
0 0
0 0
0 2
1 966
0 0
0 3
0 2
1 313
1 754
1 857
0 2
1 531
1 996
0 0
1 57
0 1
0 1
1 766
0 1
0 0
1 266
0 0
0 3
0 0
1 178
1 589
0 0
0 0
0 1
1 178
0 1
1 361
1 9
0 2
0 0
1 292
0 2
1 467
1 936
1 62
0 1
0 1
1 371
0 2
0 0
0 3
1 612
1 598
0 1
1 162
0 2
1 845
0 1
0 1
1 605
1 661
0 0
0 1
0 0
0 0
1 541
0 0
0 0
1 415
0 1
0 1
1 72
1 176
0 2
1 584
0 1
1 747
1 503
0 0
1 636
0 0
0 0
1 168
0 1
0 0
0 0
0 3
0 0
1 748
1 12
1 523
0 0
0 1
1 772
1 250
0 2
0 1
0 0
1 832
0 1
1 340
1 245
0 2
0 0
0 0
1 221
0 0
1 689
1 908
1 735
1 129
0 1
0 0
1 434
0 2
1 714
0 1
0 0
1 682
0 3
0 1
1 670
0 1
1 526
0 0
0 0
1 616
1 193
0 3
0 1
1 997
0 0
1 261
1 228
0 1
1 643
1 910
0 1
0 0
0 0
0 1
0 1
1 457
1 856
1 401
0 1
1 425
1 763
1 439
1 600
0 2
1 290
1 386
0 0
0 0
1 406
1 572
1 456
0 1
1 679
1 141
0 0
0 3
0 0
0 3
1 779
0 2
1 909
1 437
0 2
1 237
0 1
0 1
1 742
1 67
0 1
0 1
1 461
1 37
0 0
1 121
0 3
1 610
0 2
0 1
0 3
0 0
1 217
1 172
0 1
0 3
1 889
0 1
0 2
0 1
0 0
1 55
1 802
0 2
0 1
1 990
1 442
0 2
0 1
0 0
0 1
0 2
1 435
0 0
0 2
1 334
1 338
1 162
0 2
0 1
0 0
1 436
1 440
0 3
1 844
0 0
0 3
1 527
1 29
0 3
1 622
0 2
0 0
0 0
0 0
0 0
0 0
0 1
0 3
0 2
0 0
1 597
1 357
0 2
1 355
1 525
1 126
1 763
1 122
1 424
1 60
0 3
1 176
0 3
0 0
1 164
1 203
0 0
1 344
0 1
0 0
0 3
1 311
0 3
0 0
0 3
1 650
0 1
1 273
0 1
1 49
1 342
0 1
0 2
0 3
1 586
1 652
1 424
1 928
0 0
0 1
0 1
0 0
1 933
0 0
0 1
1 303
0 0
1 274
1 267
0 3
0 0
0 0
0 1
0 1
1 946
0 3
0 0
0 2
0 1
0 0
1 513
1 921
0 1
1 974
0 1
1 790
1 676
1 286
0 0
1 44
1 538
0 1
0 2
0 0
1 143
0 0
0 0
1 234
0 1
0 1
1 44
0 3
1 126
0 0
1 882
1 899
0 3
1 598
0 0
1 674
1 89
1 553
1 831
1 612
1 674
1 335
0 1
1 666
0 3
0 1
0 2
0 1
1 129
0 1
0 1
1 38
0 0
1 911
1 829
0 2
0 1
1 103
0 0
1 646
0 1
1 159
1 843
0 3
0 0
0 0
0 1
0 0
0 0
1 598
1 233
1 653
1 241
1 521
1 26
0 0
1 719
1 52
1 542
1 71
1 922
0 1
1 845
0 0
1 213
1 312
1 350
1 106
0 1
0 1
1 439
1 386
1 968
0 1
0 2
1 623
0 0
0 1
1 225
1 531
0 1
1 642
0 1
0 1
0 0
0 1
0 1
1 605
0 3
0 0
1 791
0 2
0 3
0 0
0 1
0 2
0 0
1 938
1 102
1 457
1 836
1 733
0 0
0 3
1 928
1 77
1 73
0 0
0 1
1 826
1 268
1 149
0 3
1 771
1 480
0 1
0 2
1 432
0 2
1 889
1 648
1 745
1 514
1 4
0 1
0 1
1 606
1 228
0 2
0 3
0 1
1 440
1 970
0 0
1 131
1 917
0 0
1 581
1 490
0 3
0 3
1 605
1 589
0 0
0 1
0 1
0 0
1 921
0 1
0 3
1 585
1 605
0 1
1 812
0 1
1 995
1 326
1 468
0 2
1 986
1 323
0 1
1 325
1 167
1 46
1 453
0 3
1 863
0 0
1 555
0 0
0 2
0 3
0 2
0 0
1 541
1 391
0 3
0 0
0 0
1 653
0 3
1 801
1 59
0 0
1 118
1 765
1 192
0 1
1 481
1 694
1 321
0 1
1 833
1 841
1 390
0 0
1 672
1 210
1 256
1 840
1 343
1 291
1 176
0 2
1 12
0 3
0 1
1 630
0 0
0 1
0 1
0 0
0 1
1 373
1 43
0 0
0 1
0 3
0 1
0 1
0 2
0 1
0 3
0 1
0 3
0 1
0 2
0 2
1 102
0 3
0 0
0 1
1 103
1 755
1 784
0 1
1 552
1 750
0 0
1 315
1 376
0 3
1 583
1 4
0 1
1 268
1 903
0 2
0 1
1 48
0 1
0 2
0 0
1 972
0 0
0 2
0 1
0 1
0 2
0 1
0 0
1 730
0 0
1 687
0 3
1 584
0 3
1 130
1 773
1 853
1 282
1 83
1 841
1 588
1 306
1 482
1 342
0 1
1 226
1 84
0 1
0 1
0 2
0 1
0 0
0 2
0 3
0 0
0 2
1 617
1 621
1 936
1 347
1 528
0 2
1 840
0 3
0 1
0 3
0 0
1 584
1 933
0 0
1 795
0 3
0 0
0 0
1 839
1 579
0 3
1 796
0 3
1 587
1 871
0 2
0 1
1 163
1 943
1 409
1 445
1 954
1 335
0 1
0 0
1 632
0 0
0 2
0 3
0 0
0 1
0 0
1 657
0 1
0 3
1 404
1 662
1 662
0 2
0 1
0 2
0 0
1 17
0 3
1 816
1 454
0 2
1 622
1 362
1 687
1 339
0 2
0 1
0 0
1 468
1 778
0 0
0 0
1 468
1 0
1 947
0 2
0 1
0 1
0 1
0 1
0 1
1 388
1 209
1 414
1 553
0 3
1 959
0 3
0 2
0 1
1 125
0 2
0 0
0 3
0 0
1 558
0 1
0 1
0 1
0 3
1 319
0 2
0 0
1 942
0 0
0 3
1 411
1 188
1 611
1 557
1 840
0 1
1 932
0 0
1 822
1 202
1 982
0 1
1 904
1 107
1 532
1 899
1 890
1 594
0 3
0 3
1 618
1 243
0 1
0 3
0 1
0 1
1 360
0 2
0 0
0 1
0 3
1 310
1 530
1 896
1 0
1 411
0 0
0 0
1 295
1 993
1 341
0 0
0 2
0 3
0 0
0 1
0 2
1 229
0 3
0 0
0 0
1 853
1 53
1 492
1 495
1 53
0 3
0 3
0 2
0 0
0 1
1 645
1 139
1 311
0 0
0 1
0 2
1 152
0 0
0 1
0 1
0 1
1 684
0 0
1 85
0 1
1 892
0 1
1 712
0 0
0 3
1 592
0 3
1 416
0 3
1 38
0 0
1 352
0 0
0 0
0 1
0 0
1 328
1 960
0 2
0 0
0 0
1 244
0 0
1 19
0 1
1 30
1 182
1 894
0 1
1 564
1 42
1 50
0 2
1 659
1 116
0 2
1 306
0 0
1 988
1 367
0 1
1 20
1 381
0 3
1 448
0 3
1 684
1 555
0 3
1 911
0 3
0 0
1 586
1 799
0 3
0 0
0 1
1 504
0 3
1 603
1 232
0 1
1 737
0 0
1 442
0 2
0 1
1 430
0 0
0 1
1 874
0 0
0 0
1 22
1 506
0 2
1 900
1 528
0 2
0 3
0 1
0 0
0 0
0 1
0 0
1 865
0 0
1 382
0 1
1 991
1 44
1 380
0 2
1 14
1 120
0 1
1 781
0 0
1 579
0 2
1 47
1 325
0 3
0 2
0 2
0 1
1 54
0 3
1 239
0 3
1 638
1 499
0 3
1 863
1 456
0 3
1 39
0 2
0 2
1 826
0 2
0 3
0 2
1 663
0 0
1 344
1 499
0 0
1 623
1 217
1 878
1 102
0 2
1 353
1 231
1 630
1 28
0 3
1 226
0 3
1 377
0 1
0 0
0 2
0 0
1 289
0 0
1 749
0 3
0 0
1 152
0 3
0 1
1 294
0 2
0 3
1 56
1 640
1 435
0 1
1 505
1 489
0 1
0 2
1 588
0 3
1 321
1 228
0 1
1 606
1 502
1 725
1 158
0 3
0 2
0 3
0 0
0 3
1 152
0 3
0 0
0 3
0 2
1 38
1 892
0 1
0 1
1 122
0 3
1 763
0 1
1 285
0 2
1 353
1 846
0 0
0 0
1 420
0 1
1 122
0 0
1 416
1 659
0 1
0 1
1 905
1 105
0 2
0 1
1 810
0 0
1 748
0 0
1 229
1 693
1 193
0 2
0 3
0 0
1 748
1 8
1 770
1 459
0 0
1 448
0 2
0 0
1 106
0 3
1 517
1 94
0 1
0 3
1 39
1 729
1 397
0 2
0 3
0 2
1 109
0 0
1 751
1 273
0 0
1 245
1 408
0 2
0 3
0 2
1 169
1 388
1 3
1 226
1 579
0 0
1 92
1 266
1 850
1 27
1 301
0 3
1 767
1 793
0 1
0 2
1 396
1 342
1 803
0 0
0 1
1 533
0 2
0 2
1 732
1 262
0 1
1 209
1 403
1 370
0 0
0 3
1 955
0 2
0 0
0 2
1 383
1 998
1 496
0 3
0 2
1 981
1 16
0 1
0 3
0 2
1 580
1 896
1 25
1 489
1 210
1 216
0 2
1 534
1 882
0 1
0 1
1 48
0 3
0 0
1 798
1 150
1 123
0 2
0 3
0 2
0 0
0 0
0 3
0 2
0 0
1 357
0 3
0 3
0 1
0 0
1 988
1 622
0 0
1 641
0 0
1 886
0 3
0 1
1 561
0 2
1 924
0 3
1 915
0 3
1 940
0 3
0 0
0 0
0 2
0 2
1 794
1 737
0 2
1 598
1 353
0 2
1 188
1 689
0 2
1 692
1 990
1 558
1 126
0 1
0 1
0 0
1 898
0 0
1 61
0 2
1 444
1 373
0 0
0 3
0 3
0 1
0 3
1 888
0 1
1 156
0 0
0 1
0 2
1 177
1 175
0 3
1 488
0 3
1 547
0 3
1 499
0 1
0 1
0 0
1 667
0 0
1 218
0 3
1 309
0 1
1 639
0 0
1 404
1 676
1 271
1 25
1 676
1 623
0 3
1 345
1 830
0 2
1 632
1 4
1 87
0 2
1 189
1 739
1 253
1 964
1 6
1 608
0 0
0 3
0 3
1 248
1 829
0 2
1 249
1 131
1 484
1 847
0 1
0 2
0 1
0 1
1 746
1 302
0 0
1 714
1 773
0 2
0 1
1 653
0 1
0 1
1 584
0 1
1 429
1 82
1 874
1 519
0 1
0 0
1 70
0 1
0 1
1 101
1 703
1 163
1 505
1 840
0 0
0 1
0 2
1 640
0 0
0 0
0 1
1 234
1 160
0 3
0 2
1 22
1 527
0 0
0 3
1 88
0 2
1 322
0 3
0 1
0 3
0 2
1 363
0 2
0 0
0 1
1 217
1 870
1 534
0 2
1 461
1 84
1 758
1 866
1 281
1 519
1 975
0 1
1 18
1 434
1 118
0 0
0 1
0 2
0 0
0 0
0 1
0 1
1 787
1 294
1 167
1 311
0 1
1 154
0 2
1 278
1 676
1 856
1 692
1 799
1 303
1 870
0 1
0 1
0 1
1 237
0 0
1 96
0 2
0 0
1 1
1 589
1 1
0 2
1 625
0 3
0 0
1 803
1 489
1 800
0 1
0 0
1 485
0 2
0 0
0 0
1 774
1 885
0 2
1 938
0 0
1 636
0 0
0 0
0 0
0 3
1 469
1 128
1 225
0 0
1 143
1 958
1 345
1 513
1 450
1 1
0 2
0 0
1 153
1 432
0 1
0 0
0 1
0 2
1 486
0 1
1 535
0 1
0 1
1 664
0 3
0 3
0 1
0 2
0 1
0 1
1 163
0 3
0 0
0 0
1 31
0 1
1 158
0 1
1 113
1 18
1 569
0 1
0 2
1 123
0 0
0 1
1 588
1 180
0 1
0 1
1 225
1 686
0 1
1 768
0 0
1 401
1 276
1 300
1 731
1 816
1 25
0 3
1 122
1 500
1 476
1 927
1 133
0 0
0 2
0 1
0 1
0 0
0 0
1 758
0 0
0 3
0 0
1 352
0 2
0 1
0 0
0 1
0 3
0 0
0 0
0 1
1 403
1 243
1 407
0 0
0 2
1 576
1 148
1 984
1 435
1 117
1 249
1 186
0 2
0 0
0 0
0 0
1 165
0 3
0 2
0 1
0 0
0 0
0 0
0 1
1 503
1 285
1 108
0 1
0 3
0 3
1 815
0 0
1 900
0 1
0 2
0 3
1 458
1 143
0 2
1 29
1 921
0 3
0 2
0 2
0 1
0 0
0 3
1 922
0 3
0 1
1 456
1 916
1 147
0 0
1 430
1 650
0 0
0 1
0 2
1 95
0 1
1 115
1 916
0 1
0 0
0 1
1 550
1 906
1 984
1 733
0 0
1 942
0 0
0 0
1 205
0 0
0 0
0 0
1 679
1 469
0 0
1 818
1 742
1 688
0 3
0 0
1 442
1 546
0 0
0 0
0 3
1 309
1 63
0 0
0 3
1 177
1 60
0 1
0 1
1 58
1 909
0 2
0 1
1 195
1 42
1 384
1 226
0 3
1 833
1 101
1 366
0 1
0 1
1 257
0 1
0 1
1 334
0 1
0 2
1 27
1 912
1 989
0 0
1 462
1 801
0 3
0 2
1 493
0 2
0 0
1 808
0 2
0 1
0 0
1 450
0 0
0 1
1 455
0 3
0 1
1 544
0 0
1 757
1 263
1 760
0 1
0 0
0 0
1 691
1 127
1 339
0 2
0 3
1 887
1 679
1 0
0 2
0 1
0 2
0 1
1 870
0 3
1 31
0 3
1 142
0 1
1 23
1 855
0 1
1 155
0 1
1 211
0 2
0 1
1 943
0 0
1 633
0 1
1 753
1 856
1 894
0 1
1 608
0 0
1 872
1 32
0 2
0 3
0 0
0 0
1 708
0 0
1 488
0 3
1 275
1 688
1 761
1 594
0 3
0 3
1 639
0 1
1 458
0 2
1 129
1 21
1 725
0 2
1 513
0 0
0 3
0 0
0 1
1 6
0 2
1 17
1 509
0 1
1 218
0 1
0 1
0 1
1 51
1 834
0 3
0 0
1 136
1 435
1 774
1 824
1 83
1 444
1 480
0 2
0 1
1 328
0 1
1 22
1 142
0 3
1 719
1 338
0 3
1 942
0 2
0 1
1 300
1 490
0 0
1 198
1 997
1 501
1 566
0 0
1 627
0 0
1 523
0 3
0 1
0 1
0 0
0 1
1 680
1 950
0 0
1 875
1 720
0 1
1 240
0 3
1 100
1 531
0 0
0 2
0 2
1 573
1 259
1 248
0 0
1 522
1 204
1 929
0 2
0 3
0 0
0 1
0 3
1 728
1 169
0 1
0 0
1 226
0 2
1 283
0 1
1 35
0 0
0 1
0 0
1 659
0 0
1 308
1 662
0 2
1 671
1 391
0 1
0 1
1 545
1 429
0 0
1 214
1 220
0 1
0 2
1 946
0 1
0 1
1 584
0 0
1 403
0 1
0 1
0 0
0 0
0 0
1 84
0 1
1 836
0 1
1 50
1 280
1 879
0 3
0 0
1 477
1 249
0 1
0 0
0 1
1 531
0 0
0 0
0 1
1 746
1 340
0 3
0 1
1 435
0 0
1 224
1 590
0 0
0 1
1 505
0 1
1 192
0 0
1 137
0 0
1 476
0 1
1 943
0 1
1 246
0 3
1 112
1 832
1 105
0 1
0 1
0 1
1 13
1 307
0 0
0 1
1 841
1 756
1 670
1 405
1 946
1 230
1 659
0 1
1 383
1 808
0 1
1 443
0 1
1 451
0 0
0 2
0 1
0 0
0 0
0 1
0 3
1 420
1 596
1 697
0 2
0 0
1 724
0 1
1 149
1 583
1 685
0 0
0 3
1 933
0 1
0 0
0 3
0 1
1 486
0 1
1 165
1 199
0 1
0 1
1 417
0 0
1 402
1 190
1 82
0 3
1 823
0 0
0 1
1 189
0 2
1 178
0 0
0 0
1 888
0 0
1 34
0 0
1 167
0 1
1 549
1 50
1 727
1 318
1 215
0 1
1 445
1 409
0 3
1 96
1 111
1 296
1 827
0 0
0 2
0 3
1 681
1 3
1 102
0 0
1 338
0 2
0 0
1 163
1 607
0 3
0 2
0 1
0 1
0 3
0 2
1 668
0 0
0 1
1 794
0 1
1 135
0 1
0 1
1 138
1 17
0 3
1 121
1 159
1 29
1 950
1 18
1 216
1 312
1 601
0 2
0 1
0 1
0 3
0 2
0 2
1 653
0 2
0 1
1 374
0 1
1 319
0 2
1 22
0 0
1 848
1 595
1 266
0 2
0 3
1 338
0 3
1 678
1 356
1 601
0 3
0 2
1 254
0 1
1 445
0 1
0 1
0 1
0 0
0 1
0 0
1 877
1 618
0 3
0 0
1 372
0 0
1 184
1 911
1 636
0 1
1 428
0 0
1 150
1 494
0 3
1 884
0 3
0 2
1 404
1 953
1 475
1 359
0 2
0 3
1 78
1 121
1 90
0 3
1 53
1 770
1 0
1 739
1 393
1 746
0 1
0 0
1 354
0 1
0 1
0 1
0 1
1 247
0 1
0 2
1 19
1 933
0 0
0 1
1 105
1 79
1 762
1 96
1 953
0 2
0 1
1 603
0 0
1 771
0 1
0 1
1 153
1 624
1 168
0 3
1 195
0 3
1 831
0 1
1 701
0 0
1 961
1 884
1 327
0 1
0 1
0 0
0 0
1 273
1 150
1 784
0 0
0 2
1 915
0 1
1 924
0 1
1 317
0 0
1 153
1 871
1 877
0 2
1 644
0 0
0 0
1 749
1 18
1 334
1 838
0 1
0 2
1 33
1 139
0 1
1 227
0 0
1 992
0 1
1 326
0 0
1 976
1 586
1 551
0 2
0 1
0 1
0 1
1 827
0 1
0 1
1 731
0 0
1 70
1 528
0 0
0 3
1 904
0 1
1 967
0 1
0 0
0 3
1 601
0 3
1 438
0 1
0 1
0 1
1 445
1 232
1 183
1 381
1 686
1 492
0 0
0 0
1 958
0 1
1 724
0 1
1 124
1 83
1 282
0 1
1 954
0 1
0 1
1 772
0 1
1 984
0 0
1 970
0 1
1 47
1 170
1 775
1 552
0 3
1 275
1 457
1 991
1 883
0 3
0 2
1 952
1 59
1 469
0 1
1 506
1 594
1 49
0 2
1 778
0 0
1 157
1 299
0 1
0 1
0 1
1 932
1 331
1 759
1 195
0 1
1 536
0 2
0 0
1 51
0 0
0 1
1 975
1 576
1 165
0 1
1 203
0 1
0 0
1 969
1 379
1 974
1 706
0 3
1 319
0 3
1 762
0 1
1 93
1 314
0 2
0 0
0 1
0 0
0 0
0 1
1 802
1 729
0 2
1 632
0 1
1 280
0 0
1 765
0 1
1 80
0 1
0 0
1 457
0 1
1 441
0 3
0 1
0 1
0 1
0 0
0 1
1 590
1 653
0 0
0 0
0 3
1 860
0 3
1 933
1 794
0 3
0 3
0 1
0 0
0 2
1 638
0 0
1 180
1 247
1 374
1 536
1 607
1 499
0 0
1 371
1 275
1 228
1 796
1 457
1 269
1 860
0 0
0 1
1 426
1 508
0 3
1 293
1 593
1 787
0 2
1 571
0 3
1 849
1 860
0 1
1 956
0 1
0 0
0 1
1 937
0 0
1 693
1 210
1 289
0 1
0 2
1 804
1 75
0 3
1 526
1 351
0 1
0 0
1 480
1 976
0 0
1 340
0 0
1 791
0 1
0 0
1 661
1 123
0 1
1 897
0 1
1 273
0 0
1 333
0 0
0 1
0 0
0 0
1 695
0 0
1 947
1 843
0 1
1 413
1 420
1 451
0 3
0 2
1 364
1 855
0 0
1 960
0 3
0 1
1 864
0 0
1 431
0 1
1 363
0 2
0 3
1 857
1 814
0 0
0 3
1 645
0 3
0 2
1 110
1 479
1 925
0 0
1 715
0 1
0 2
0 0
0 0
1 497
0 1
0 1
1 761
0 0
1 64
0 0
0 0
1 506
0 1
1 145
0 0
1 279
0 1
0 1
1 506
0 1
1 681
0 3
1 630
1 976
0 0
1 23
1 404
1 345
0 3
1 116
0 0
0 3
0 1
0 3
1 159
0 0
0 1
0 2
0 0
0 1
0 1
0 3
0 1
1 713
1 304
1 376
0 0
0 3
0 2
1 732
0 3
0 0
0 0
0 3
0 1
1 820
0 1
1 423
0 0
0 1
1 253
1 885
1 593
1 443
0 0
1 300
1 596
1 253
0 2
0 1
1 725
0 1
1 553
1 872
1 937
0 1
0 2
0 1
1 821
0 0
0 1
0 1
1 607
1 76
1 995
0 3
0 0
0 1
0 1
0 3
0 0
1 298
0 1
1 499
1 664
0 1
0 1
0 0
1 161
0 1
0 1
0 0
0 2
0 2
1 167
1 134
0 3
1 259
1 855
1 970
1 490
0 2
1 556
1 992
0 0
1 499
1 473
0 2
1 19
0 3
0 1
1 915
1 877
0 3
0 2
1 129
1 699
1 211
1 799
1 328
0 0
1 556
1 387
1 663
0 0
0 0
0 3
1 59
1 519
1 713
1 497
1 632
1 571
1 217
1 796
0 0
0 0
0 1
0 1
1 242
0 3
1 712
1 491
0 2
0 1
0 1
1 677
0 3
1 917
1 275
0 3
0 2
0 1
0 2
0 0
0 0
0 0
1 95
1 73
0 0
0 1
1 772
0 1
0 1
0 1
1 941
1 609
0 2
1 301
1 62
1 26
1 168
0 2
1 874
1 627
1 761
1 285
1 235
1 205
1 976
0 3
0 0
1 121
1 596
0 2
0 1
1 421
0 1
1 60
1 581
0 1
0 0
0 0
0 1
0 1
0 1
1 990
1 298
1 644
0 0
1 111
1 626
0 1
1 520
0 1
0 1
0 3
1 976
1 782
0 2
1 941
1 580
1 154
0 3
0 0
0 0
1 784
0 0
0 2
0 2
0 2
1 551
0 0
1 775
1 445
0 3
0 2
1 217
0 3
1 301
1 809
0 3
0 0
0 3
1 494
1 458
0 3
1 335
0 0
1 383
1 317
1 781
1 919
1 474
0 1
1 86
1 814
0 0
1 465
0 0
1 143
0 1
0 0
1 690
0 3
0 3
0 0
1 391
1 434
0 0
1 2
0 1
1 239
1 873
1 738
0 0
1 359
1 246
1 585
0 0
0 3
1 144
1 738
0 2
0 0
1 356
1 844
0 1
0 1
1 875
0 0
1 19
1 487
1 338
1 213
0 0
1 864
0 0
0 3
1 184
1 76
1 254
1 198
0 0
1 859
1 410
1 834
0 3
1 617
0 2
1 167
0 2
0 2
1 914
1 297
0 3
0 2
1 456
1 211
0 0
0 2
1 71
0 0
1 26
0 0
1 458
1 916
1 574
0 3
0 2
0 0
1 155
1 116
1 819
0 1
1 289
1 746
0 2
0 1
0 0
0 0
1 532
0 0
0 0
1 284
1 216
1 23
0 3
1 275
0 1
1 147
0 2
0 0
0 0
0 0
1 259
0 0
1 33
1 267
0 0
1 641
0 3
0 1
1 966
1 241
1 540
1 411
0 3
0 1
1 878
1 88
1 432
1 882
1 833
0 3
1 79
1 36
0 1
1 65
1 918
1 228
0 3
1 858
1 223
0 1
0 0
0 0
1 600
1 572
1 226
1 629
0 2
0 0
0 3
1 726
1 531
0 1
0 0
0 3
1 838
0 2
1 527
1 584
1 697
0 0
1 177
1 852
1 688
0 3
1 920
0 1
0 1
1 868
1 600
0 0
1 435
0 3
1 591
0 1
1 583
1 769
1 277
0 1
0 1
1 375
1 493
1 774
0 0
0 2
1 579
0 1
1 639
0 1
0 0
0 1
0 1
0 1
1 477
1 792
1 742
1 399
1 802
0 3
0 0
0 1
1 596
1 985
0 3
0 1
1 124
1 28
0 3
0 3
0 2
1 11
1 599
1 837
0 2
1 629
0 1
0 1
1 246
1 672
1 833
0 0
1 956
1 480
1 892
0 2
1 665
1 578
1 116
0 3
0 3
1 79
0 2
0 3
1 61
0 3
0 0
0 0
1 485
0 3
1 935
0 2
0 1
0 0
0 1
0 1
0 1
1 540
1 135
1 263
1 848
1 434
1 254
1 14
1 366
0 2
1 186
1 350
0 3
0 0
0 0
0 1
1 124
0 1
0 0
0 1
0 1
1 582
0 1
1 321
1 923
0 3
1 711
0 0
1 540
1 99
1 541
0 2
1 814
0 3
0 2
1 175
0 1
1 442
1 435
0 2
1 317
0 0
0 1
0 1
1 54
1 72
0 0
1 627
1 271
1 31
0 1
0 0
1 399
1 274
0 2
1 269
0 0
1 247
0 1
1 909
1 449
1 891
1 342
1 330
0 0
0 1
0 3
0 0
0 3
1 412
0 0
1 905
1 655
0 3
0 2
1 605
1 956
0 3
1 341
0 1
1 269
0 1
1 909
0 0
1 205
0 0
0 3
1 826
1 597
1 730
1 315
1 937
0 2
0 3
1 821
0 1
1 667
0 2
1 444
1 57
0 3
1 760
1 768
1 9
0 3
1 642
0 3
0 0
0 2
1 280
0 0
1 334
0 1
0 0
1 394
0 1
0 1
1 488
1 510
1 770
1 224
0 2
0 3
0 0
1 269
0 3
0 0
1 645
0 3
1 970
0 0
0 0
1 251
0 2
1 231
0 0
1 205
1 1
1 791
0 1
1 947
0 2
1 140
0 1
0 0
1 36
1 261
1 425
0 3
0 2
0 2
0 2
0 1
1 58
0 1
0 1
0 3
0 2
0 0
1 253
1 682
1 63
0 1
0 0
0 0
1 341
0 1
1 206
0 0
0 0
1 397
1 829
0 3
0 2
1 803
0 0
1 596
1 84
0 1
1 344
1 984
1 961
0 3
1 827
1 428
0 0
1 651
0 3
0 3
1 709
0 1
0 2
1 538
0 0
0 1
0 3
1 25
0 2
0 2
0 1
0 1
1 23
0 2
1 523
0 0
0 1
1 402
1 842
0 0
1 642
1 49
1 600
1 597
0 0
1 5
1 89
1 956
0 3
1 696
0 3
1 499
1 620
0 2
0 0
1 931
0 0
1 341
1 7
1 201
0 1
0 0
0 0
0 1
1 757
1 441
1 734
1 519
0 3
0 3
0 0
0 0
0 1
0 3
0 2
0 1
1 519
0 1
1 150
1 744
0 0
1 586
1 309
0 2
1 472
0 1
1 922
1 331
1 372
1 904
1 87
1 587
1 881
0 1
0 2
1 977
0 1
1 454
0 1
0 0
1 49
0 0
0 0
0 0
0 1
0 3
1 505
0 3
1 112
1 800
0 3
0 0
0 2
1 920
0 1
0 1
0 3
1 159
1 638
1 868
1 941
1 685
0 2
0 1
0 1
0 1
1 512
1 156
0 2
1 800
1 20
1 51
1 709
1 179
0 0
0 1
1 381
1 976
1 442
1 274
1 122
1 683
1 556
0 1
0 1
0 2
1 857
0 0
1 175
0 1
1 848
1 102
1 738
0 0
0 1
0 1
1 473
1 388
1 149
1 261
1 914
1 474
1 331
1 725
0 0
0 3
0 2
0 1
1 117
1 580
0 3
0 0
0 3
1 803
0 1
1 943
0 1
0 0
0 1
1 277
0 1
0 1
0 0
0 0
0 2
0 0
1 717
1 477
0 0
1 566
1 630
0 2
1 759
0 0
0 1
0 0
1 426
1 368
1 127
1 455
1 658
1 940
0 0
0 3
0 1
1 570
1 491
0 2
0 3
1 678
0 0
0 0
1 318
1 553
1 862
0 0
0 3
0 0
1 341
0 1
1 308
1 233
1 936
0 1
1 97
1 495
0 2
0 1
1 317
0 0
0 1
1 431
0 1
0 3
0 2
0 1
0 1
0 3
1 618
0 2
1 742
1 276
0 1
0 3
1 54
0 2
1 491
1 413
0 0
1 548
1 94
1 2
1 957
1 320
0 0
1 609
1 904
0 0
1 898
1 852
1 877
1 310
1 362
0 0
0 3
0 3
0 2
0 1
0 0
0 0
1 31
0 1
1 498
0 0
0 1
0 1
1 77
1 312
0 3
1 185
1 801
0 1
1 191
1 731
0 0
1 569
0 0
0 1
0 0
1 641
0 0
1 308
1 720
1 644
1 113
0 1
0 0
0 0
1 866
0 0
0 0
0 1
1 738
0 1
1 974
0 0
1 107
1 5
0 3
1 194
0 0
1 221
1 16
0 3
1 907
1 616
1 783
0 3
1 978
0 1
1 789
1 468
1 971
1 596
0 3
0 1
0 1
1 763
0 0
0 0
0 3
1 521
1 657
1 293
0 0
1 648
0 1
0 3
0 2
1 583
0 1
0 0
1 788
1 697
1 391
1 508
0 1
0 1
0 0
1 889
1 588
0 1
0 3
0 2
0 2
0 1
1 649
1 735
0 0
0 0
0 1
0 3
1 533
0 0
0 0
1 30
0 3
0 0
0 0
0 0
0 1
1 866
1 754
1 119
1 615
0 3
0 1
1 58
1 99
1 989
0 2
1 255
1 471
1 798
0 0
0 1
1 559
1 687
1 368
1 448
0 0
0 0
0 2
0 1
1 94
1 493
0 3
1 366
0 0
0 0
0 0
0 0
1 147
1 955
0 1
1 325
0 0
0 0
1 578
1 685
0 1
0 1
0 0
1 340
1 287
0 1
0 0
0 1
0 1
0 0
1 366
1 872
1 231
1 997
0 3
1 546
1 85
1 625
1 367
0 2
1 444
1 249
0 0
0 3
1 443
0 1
0 0
0 2
1 495
1 691
0 1
1 828
0 1
1 837
0 2
1 314
1 769
0 2
1 233
0 0
0 0
1 162
0 0
0 0
1 496
1 184
1 185
0 0
1 814
0 1
0 0
1 623
0 0
1 280
1 94
0 3
0 2
0 1
0 2
0 0
1 906
1 961
0 2
0 3
1 674
1 226
1 341
0 1
1 996
1 407
1 196
0 0
0 1
0 0
0 0
0 1
1 503
0 1
0 2
0 0
0 0
1 210
1 383
0 0
0 0
0 1
0 0
1 608
1 968
1 431
0 2
1 578
1 0
1 601
1 106
0 3
0 2
0 1
0 0
1 875
0 3
0 1
0 1
0 1
0 2
0 0
0 1
1 59
1 981
0 3
1 105
0 3
1 778
1 375
1 551
1 731
1 532
0 0
1 549
0 3
1 754
1 359
0 3
1 788
0 3
0 1
0 1
1 400
0 0
0 1
1 347
0 2
1 419
1 274
1 581
0 3
1 852
0 2
1 624
1 964
1 11
1 994
0 2
1 950
1 113
0 0
1 991
1 835
0 3
1 656
1 960
1 515
0 1
0 0
1 842
0 0
0 3
0 2
0 2
1 115
1 124
0 0
1 836
0 1
1 388
0 0
1 799
0 2
1 403
0 1
0 1
0 0
1 922
0 0
0 0
1 35
0 1
1 884
1 400
0 0
0 1
1 682
1 675
0 0
1 100
0 0
1 322
0 0
1 697
1 128
0 0
0 1
1 370
1 742
0 2
1 517
0 1
1 75
1 88
1 626
0 2
1 967
0 0
0 3
1 511
0 3
0 1
0 0
1 687
1 909
0 1
0 1
1 370
1 327
0 0
0 0
0 3
0 0
0 2
1 981
1 767
0 1
0 0
0 0
1 0
0 2
0 1
0 1
0 0
1 333
0 0
1 230
0 3
1 47
1 385
1 965
0 3
1 109
0 0
1 692
0 2
0 1
0 0
1 869
1 852
0 1
1 174
1 820
1 125
0 1
1 353
1 942
0 2
1 630
1 44
1 96
1 999
1 100
1 897
0 0
1 665
1 481
1 7
1 37
1 206
1 182
0 3
0 3
0 0
0 3
0 1
0 3
0 2
0 1
0 1
0 2
0 1
0 1
0 0
0 1
0 1
0 1
0 1
0 3
0 2
0 0
0 3
0 2
0 2
0 1
0 0
0 1
0 1
0 1
0 2
0 0
0 0
0 0
0 0
