4999
1 620
1 79
0 3
1 902
0 1
1 203
0 2
1 821
0 0
1 500
1 593
0 3
1 906
0 3
0 1
1 461
0 1
1 199
0 1
1 678
1 439
0 2
0 1
1 163
1 560
1 256
0 1
1 507
0 3
1 292
0 3
1 933
0 0
1 324
0 0
1 962
0 1
0 3
1 189
0 0
1 447
0 1
0 0
1 155
1 881
0 1
1 582
1 325
0 3
0 1
1 745
1 150
0 1
1 427
0 1
0 2
0 0
1 347
0 1
1 213
0 1
1 476
0 1
1 316
1 380
0 2
1 649
0 3
1 431
0 3
0 0
1 993
0 1
1 363
0 0
1 830
0 0
1 376
0 0
1 409
0 1
1 547
1 802
0 3
0 1
1 972
0 1
1 844
1 104
0 3
0 0
1 824
1 661
1 648
1 445
0 0
1 830
1 565
1 22
0 0
0 1
1 747
0 1
0 1
1 736
1 150
0 0
0 1
1 226
1 402
0 1
1 562
0 0
0 0
0 1
0 0
0 0
1 391
1 513
0 3
1 581
0 1
0 0
1 114
1 235
1 644
1 399
0 3
1 343
1 989
0 1
0 2
0 0
1 266
1 978
0 0
1 617
0 2
1 62
0 1
0 1
0 0
0 1
1 192
1 591
0 0
1 867
0 1
1 252
1 396
1 696
1 632
0 3
1 562
1 383
0 0
1 19
1 460
0 3
1 29
0 0
0 2
0 2
0 3
1 384
1 458
0 2
0 0
1 17
1 936
0 1
1 514
0 0
0 1
0 1
1 614
0 0
0 1
1 236
1 97
0 2
1 274
0 0
1 909
0 0
0 0
0 1
1 737
0 1
1 183
0 1
1 185
0 0
1 285
0 1
1 334
0 1
1 335
1 749
1 444
0 3
1 722
1 682
1 5
0 0
1 96
0 0
0 2
0 3
0 1
0 1
1 566
0 1
1 468
0 1
1 305
1 155
0 0
0 1
1 490
0 0
1 637
1 872
0 1
1 204
0 2
1 575
0 1
0 1
1 56
0 3
1 614
0 3
1 714
0 3
1 302
1 978
0 3
0 0
1 671
0 2
1 906
0 2
1 400
1 510
1 839
1 769
1 107
1 943
0 2
0 3
0 2
1 25
0 1
1 620
0 0
0 3
0 0
0 3
1 882
1 193
1 230
1 383
0 2
0 0
1 956
0 1
1 753
0 0
0 1
1 742
0 1
0 0
1 168
0 0
1 886
1 622
0 3
1 183
0 0
1 44
1 442
1 61
0 0
0 2
1 72
0 0
1 315
1 147
0 2
0 0
1 580
0 1
0 0
0 0
1 961
1 845
1 263
1 426
1 327
1 178
1 732
1 499
1 222
1 582
1 978
0 0
1 242
1 917
0 3
1 29
1 141
0 0
1 454
1 70
1 916
1 643
1 942
0 2
1 674
0 3
0 1
1 369
1 594
1 699
0 0
1 558
1 477
1 417
1 469
1 573
0 2
1 295
0 3
1 333
1 678
0 3
0 2
1 168
1 334
0 1
0 0
0 1
0 0
0 1
0 1
0 2
1 953
1 292
0 1
1 862
0 3
0 1
0 1
0 1
0 0
0 3
0 2
1 388
1 76
1 667
0 3
0 1
0 2
1 856
0 1
1 493
1 360
1 281
1 130
0 1
1 17
0 2
1 854
1 812
1 728
0 0
0 1
0 0
1 648
1 772
1 725
1 765
0 3
0 0
1 104
0 1
1 118
0 1
0 1
0 2
0 3
0 1
1 455
0 0
1 604
1 507
0 2
0 0
0 1
0 1
1 905
0 1
0 3
1 808
0 0
1 937
1 448
1 328
1 605
1 936
1 686
1 381
0 0
0 2
0 0
0 3
0 2
0 1
0 1
0 0
0 3
1 191
0 1
0 2
1 601
1 503
1 524
0 1
1 784
1 245
0 1
1 899
0 1
1 60
1 405
1 971
0 1
1 954
0 1
1 43
1 831
1 164
0 3
0 2
1 881
0 0
1 919
0 0
1 656
0 1
1 194
1 389
1 417
1 940
0 3
0 0
1 841
0 3
1 298
0 2
0 1
1 735
0 2
0 0
1 331
0 3
0 0
0 1
1 737
0 3
0 1
1 876
0 2
0 0
1 471
0 1
1 434
1 688
0 0
0 0
1 530
0 0
0 1
0 0
0 1
0 1
1 846
0 3
1 322
0 2
0 3
1 903
1 585
1 397
1 767
1 651
0 0
0 2
1 926
1 152
0 2
0 1
1 730
0 3
0 2
0 1
0 2
1 384
0 2
0 1
1 616
1 557
1 881
0 3
0 1
1 485
1 936
0 1
0 2
1 516
1 331
1 689
0 0
1 215
1 699
1 221
0 3
0 2
0 0
1 781
1 671
0 2
0 1
0 1
0 0
0 1
0 0
0 0
1 440
1 967
0 0
0 0
1 844
0 0
1 950
1 401
0 3
1 350
0 1
1 946
0 2
1 182
1 606
0 3
1 519
1 621
0 1
1 883
0 2
1 851
1 484
1 560
1 875
1 708
1 155
1 87
0 2
0 3
1 673
1 440
1 76
0 0
1 780
0 1
0 1
1 715
1 341
0 1
1 209
0 3
1 867
0 3
0 1
1 728
1 787
0 2
1 295
0 1
1 124
0 1
0 1
1 318
0 0
1 935
1 629
0 2
0 0
1 225
0 3
1 908
1 735
1 262
0 0
1 383
0 0
1 330
0 3
1 304
1 221
1 168
1 300
1 903
1 155
0 3
0 1
1 360
1 81
1 87
1 581
0 3
1 436
1 865
1 306
0 2
1 680
1 562
0 1
1 432
0 2
0 1
0 0
1 188
0 0
1 657
0 0
1 444
0 1
1 120
1 341
1 578
1 736
0 2
0 1
0 1
0 0
1 822
1 949
1 231
0 3
0 3
0 1
1 713
0 0
0 2
1 160
0 3
1 712
1 761
0 3
1 510
1 365
1 938
1 457
0 2
1 263
1 292
1 884
0 2
0 3
0 0
0 1
0 0
1 256
1 234
1 409
0 0
0 0
0 0
0 2
0 2
1 13
1 193
1 197
1 69
0 1
0 2
1 700
0 0
0 3
1 646
0 0
0 3
0 1
1 624
1 70
0 0
1 658
1 708
0 3
0 1
0 2
1 840
1 507
0 0
0 1
1 643
1 566
1 101
0 3
1 133
0 1
1 726
1 491
1 559
1 555
1 782
1 522
1 414
1 79
0 0
0 3
1 194
1 908
1 550
0 0
1 887
0 3
1 838
0 1
1 987
0 0
0 2
1 430
1 423
1 989
1 165
0 0
1 662
1 22
1 747
1 152
1 951
0 2
0 3
0 0
1 997
1 210
0 2
1 955
1 310
1 854
1 869
0 3
1 246
1 679
0 0
0 1
0 2
0 1
1 730
0 3
0 3
0 2
1 526
0 0
1 708
0 1
1 336
1 929
1 634
0 1
0 0
1 919
0 0
1 835
1 430
1 438
1 62
1 762
0 3
1 754
0 0
0 0
1 19
1 684
0 1
1 6
0 1
1 240
1 641
0 3
0 2
1 98
0 3
0 1
1 685
0 3
0 1
0 2
1 964
0 1
0 0
1 26
1 24
0 0
0 1
0 3
0 1
1 714
0 2
1 354
0 1
0 1
0 1
0 1
0 1
0 3
0 2
1 95
1 781
0 3
0 2
1 915
1 724
1 660
1 94
1 444
0 3
1 45
1 636
1 365
1 771
1 582
0 1
0 3
1 867
0 2
0 3
0 2
1 191
1 142
0 0
1 222
0 0
1 766
1 371
0 1
1 693
1 975
0 1
0 1
1 820
0 2
1 524
1 575
0 3
1 41
1 286
0 3
1 880
1 438
1 976
1 162
1 795
1 95
1 167
1 495
0 1
0 2
1 360
0 0
1 885
0 0
0 0
0 1
1 659
1 36
0 0
1 697
1 935
0 1
1 949
1 764
0 3
1 495
0 0
1 786
1 818
0 0
1 421
1 283
0 0
1 811
1 137
1 330
0 2
1 952
1 628
1 687
0 0
1 97
0 3
0 0
0 1
0 0
0 3
0 0
1 307
1 661
1 961
0 0
1 496
1 643
0 3
1 702
0 3
0 0
0 0
1 960
1 203
0 1
1 487
1 995
0 0
0 1
1 176
1 204
1 754
0 3
1 65
1 182
1 571
1 56
1 126
0 3
1 502
1 664
1 766
0 0
0 1
1 333
0 1
0 2
1 518
0 2
0 1
1 68
1 875
0 2
0 1
0 0
0 1
1 99
1 558
1 969
0 1
0 1
1 248
1 315
1 677
0 0
0 1
1 666
0 0
1 152
0 2
1 654
1 997
0 0
1 731
1 373
0 3
1 396
1 862
0 3
0 1
0 3
1 825
0 1
0 0
0 0
0 0
0 0
1 301
0 0
0 3
1 637
0 0
1 704
1 566
0 0
1 257
1 112
1 829
1 460
1 109
0 1
1 648
0 0
0 3
1 943
1 177
0 0
1 158
0 3
1 565
0 0
0 1
0 2
1 47
1 247
1 18
1 372
0 1
1 740
0 0
0 0
1 952
0 0
1 838
0 3
0 2
1 738
0 0
1 615
0 1
1 435
0 1
1 648
0 0
1 446
0 1
0 0
1 187
0 1
0 1
1 833
1 704
0 2
0 0
0 1
1 732
0 1
1 443
1 966
0 3
1 733
0 2
0 0
0 1
0 0
0 3
0 1
0 0
0 2
0 1
1 808
1 466
1 761
1 410
0 1
1 194
0 3
0 0
0 0
0 3
0 1
0 3
1 180
0 1
0 1
1 811
0 1
0 0
0 3
1 287
1 921
0 1
1 540
1 750
1 124
1 773
0 3
1 445
1 422
1 382
1 377
0 1
0 0
0 1
0 0
1 676
0 2
0 1
1 371
0 0
1 652
0 1
0 1
0 0
0 3
1 863
1 400
1 448
0 3
1 62
1 554
1 968
1 624
1 854
1 188
1 321
1 444
0 0
0 2
1 653
1 51
0 1
0 1
0 3
1 64
1 585
1 876
1 917
0 3
0 0
1 993
1 854
1 641
1 401
0 2
1 82
0 3
0 0
0 3
0 1
0 3
0 1
1 661
0 2
0 2
1 580
1 373
0 3
0 3
1 96
0 2
0 0
0 0
1 188
0 3
1 749
1 782
1 352
1 866
0 3
1 20
1 556
0 1
1 786
1 881
1 785
0 2
0 0
0 0
0 2
0 2
1 115
1 660
1 638
1 979
0 2
1 448
1 77
1 669
0 1
1 243
1 105
0 2
1 996
0 3
0 0
0 1
0 1
0 3
1 88
0 1
0 2
1 6
0 1
1 139
1 453
0 1
0 1
0 0
0 1
1 333
0 1
0 2
0 0
1 144
1 86
1 965
0 1
0 2
1 645
1 621
1 575
0 2
0 0
0 1
1 784
0 0
1 156
0 0
0 0
0 1
1 80
0 3
1 808
1 723
1 797
0 0
1 389
0 2
0 1
1 147
0 1
0 1
0 3
0 1
0 1
0 1
1 434
0 0
0 0
1 836
0 1
1 703
1 480
1 254
1 741
1 195
0 2
0 0
0 0
0 1
0 1
0 3
1 309
0 2
0 2
1 222
1 919
0 1
1 982
0 0
1 514
1 368
0 1
0 0
0 2
1 244
0 2
1 115
0 2
1 89
0 2
0 1
1 164
0 2
0 3
1 122
1 205
0 3
1 115
0 2
0 1
0 0
0 1
1 602
0 2
1 786
0 1
1 103
1 34
1 532
0 1
0 1
1 272
1 12
1 318
0 3
0 1
0 0
0 1
1 464
1 229
0 2
0 1
0 1
1 66
0 3
0 0
0 1
1 446
1 685
0 2
1 13
1 592
0 0
1 708
1 437
0 3
0 2
1 447
0 3
1 4
1 890
0 1
1 276
0 2
0 0
1 179
0 0
0 0
1 547
0 1
1 394
1 654
1 655
0 2
1 868
0 3
0 2
1 989
0 0
1 114
0 3
0 0
0 1
0 0
1 615
0 1
1 875
0 0
1 399
1 198
0 0
0 0
0 0
1 479
1 243
0 0
1 854
1 903
0 3
0 2
0 1
1 43
1 205
1 554
0 2
1 77
1 169
1 694
0 3
0 2
1 823
1 237
1 936
1 50
0 0
0 0
1 330
1 697
1 118
1 63
1 10
1 374
1 480
1 378
1 612
1 692
0 2
0 0
0 1
0 1
0 0
0 0
0 0
0 0
0 0
0 0
1 394
0 0
1 880
1 908
0 1
1 621
0 2
1 532
1 842
0 1
1 805
1 886
1 628
0 0
1 514
1 739
1 384
1 300
0 3
0 1
0 0
0 0
1 865
0 1
1 194
0 3
1 372
0 0
0 3
0 2
0 1
1 632
0 1
0 0
1 43
0 0
1 549
1 448
0 3
1 47
0 2
1 974
0 2
0 0
0 0
0 2
1 163
1 269
0 0
0 1
1 83
0 0
0 0
1 281
0 1
0 0
1 759
1 715
0 1
1 951
1 229
0 3
1 543
1 67
0 2
0 0
1 232
0 3
1 254
0 0
0 0
0 0
1 641
1 933
1 639
1 8
1 970
0 0
0 0
0 0
1 371
0 2
1 124
0 3
0 1
0 0
0 0
1 973
0 3
0 2
1 63
0 3
1 671
1 200
1 824
1 642
0 1
0 0
0 1
1 611
0 3
1 196
1 704
0 1
1 198
0 1
0 2
0 1
1 48
1 942
0 3
0 1
1 281
1 757
0 3
0 2
1 524
0 3
1 506
0 0
0 1
1 654
1 478
1 867
1 217
1 63
1 192
0 3
1 499
0 1
1 890
0 0
0 0
1 872
1 864
0 3
1 220
1 324
0 3
0 0
1 236
1 200
1 180
1 419
0 2
1 882
0 1
0 0
1 244
0 0
1 699
1 184
0 3
1 478
1 541
0 0
1 686
0 1
1 502
1 462
0 0
1 492
0 1
0 3
1 249
1 523
0 1
0 1
1 553
1 672
0 2
1 15
1 527
0 1
0 0
0 0
1 194
1 901
0 0
0 0
0 1
0 0
1 421
0 0
1 334
0 1
1 773
1 959
1 756
0 0
1 785
1 703
0 1
0 0
1 441
1 611
1 883
1 810
1 14
0 2
0 0
0 0
0 1
1 178
0 0
1 695
0 0
1 462
0 0
0 1
1 333
1 322
1 779
0 2
0 3
0 1
0 0
1 715
1 801
1 12
1 499
1 386
1 911
1 15
1 146
0 3
0 2
0 2
0 2
0 1
1 756
0 3
1 527
1 705
0 2
1 732
1 794
1 46
1 392
1 753
1 942
0 3
0 0
0 3
1 252
1 585
0 1
0 1
1 525
0 0
0 0
1 6
1 969
0 3
1 628
0 3
0 2
0 0
0 3
1 444
1 201
0 1
0 2
1 561
0 3
0 2
1 287
0 2
1 217
1 413
1 622
0 0
1 528
0 3
1 549
0 3
1 19
0 0
1 544
1 388
1 423
1 136
1 926
1 859
1 726
0 1
0 0
1 573
0 1
1 124
1 467
0 0
0 3
1 613
0 3
1 179
1 627
0 2
0 2
1 855
1 758
0 0
1 751
0 1
0 3
0 2
1 202
0 1
1 234
1 683
0 1
0 2
1 489
0 3
0 2
1 142
0 0
1 795
1 148
1 964
1 352
1 531
1 228
1 846
1 268
1 501
1 693
1 743
1 671
0 2
1 216
1 282
1 86
0 3
0 1
1 800
1 309
0 3
0 1
1 920
0 2
1 847
1 708
0 3
1 171
0 1
1 629
1 328
0 3
0 2
0 0
1 358
0 3
0 3
0 2
1 204
1 49
0 3
0 3
0 3
0 2
1 284
1 774
1 944
0 2
1 318
1 981
0 3
1 627
1 342
0 3
0 2
1 374
0 2
1 664
1 455
1 27
1 666
1 618
0 2
0 3
0 0
1 135
1 887
1 704
0 1
1 328
1 696
0 1
1 151
0 0
1 563
1 748
0 2
1 912
1 373
1 653
0 2
0 3
1 112
1 843
1 294
0 2
0 3
1 128
1 998
1 473
1 925
0 2
0 1
0 1
0 1
0 1
1 142
1 577
1 334
0 1
1 151
1 766
0 0
1 472
0 0
1 956
0 3
0 2
0 1
1 721
1 645
1 501
0 1
0 2
0 1
0 0
1 722
1 274
0 1
1 92
0 1
1 266
0 0
1 967
0 0
0 3
0 0
1 741
0 0
0 0
1 139
1 968
0 1
0 0
1 470
0 0
0 1
0 0
1 962
1 677
0 2
1 485
1 947
0 2
1 957
1 845
1 245
0 1
0 2
0 1
0 0
0 0
0 1
0 0
0 0
1 245
0 0
1 241
0 1
0 1
1 898
1 426
1 713
1 237
0 1
0 2
1 109
0 0
1 136
1 504
1 167
0 1
0 0
0 1
0 1
0 0
0 0
0 1
0 0
1 804
1 870
0 3
1 84
1 793
0 3
1 933
1 727
1 176
1 953
1 975
0 1
0 1
1 23
1 480
0 2
0 0
1 842
1 913
1 687
0 2
0 3
1 576
1 680
1 180
1 697
0 3
1 971
1 473
0 2
0 0
0 3
0 2
1 23
0 0
0 1
0 2
0 0
0 1
1 709
1 688
1 975
1 680
1 800
1 698
1 346
0 3
1 489
0 0
0 1
1 154
0 2
1 3
0 2
0 3
1 612
0 0
1 521
1 793
0 0
1 353
1 32
1 574
0 3
0 2
0 1
0 0
1 257
0 2
1 24
0 1
1 143
1 338
1 145
1 690
1 51
1 261
1 922
1 794
1 166
1 243
0 3
0 2
1 121
0 3
1 861
0 1
0 1
0 0
1 100
0 1
0 3
0 1
1 369
0 2
0 1
1 872
0 0
0 0
0 0
0 1
0 0
1 156
1 184
0 2
0 1
0 1
0 0
1 829
0 1
1 329
0 0
1 67
0 0
0 1
0 0
1 59
1 376
0 1
1 430
0 0
0 1
0 3
0 1
0 0
0 0
1 61
0 0
0 1
0 3
0 0
1 521
0 1
1 629
0 0
0 0
1 872
1 765
0 2
0 0
0 0
0 0
0 3
1 874
1 494
1 942
0 3
1 814
1 243
0 1
0 2
1 778
0 2
1 322
1 353
1 48
1 188
0 2
0 3
0 1
1 476
1 708
1 147
1 820
0 1
0 1
1 211
0 2
1 165
0 3
0 1
0 2
0 2
0 1
1 677
1 623
1 737
0 1
1 783
1 974
0 2
0 1
0 1
0 3
1 132
1 672
1 135
0 3
0 3
1 235
0 0
0 2
0 1
0 1
1 945
0 2
0 1
1 717
1 591
0 1
0 1
0 2
0 2
0 0
1 182
0 0
0 3
1 913
0 1
0 0
1 263
1 433
0 1
1 257
0 0
1 991
1 736
0 2
0 0
1 691
0 1
0 0
0 0
0 1
0 1
1 2
0 3
0 0
1 994
0 0
1 246
0 1
1 424
1 653
0 1
1 99
0 1
1 595
1 607
1 884
1 564
0 2
1 417
1 168
1 365
1 886
1 348
1 674
0 0
1 959
1 73
1 990
1 558
1 111
0 2
1 751
1 474
0 2
0 0
1 56
1 497
0 2
1 603
0 0
0 0
1 705
0 1
1 906
1 311
1 840
1 280
1 201
0 2
0 1
0 1
1 452
1 453
1 724
0 2
1 649
1 787
0 0
0 3
1 565
0 0
1 891
1 198
0 3
1 378
0 2
0 0
0 1
0 1
0 1
1 682
0 1
0 1
0 1
1 194
1 895
0 3
0 1
1 730
1 67
1 375
0 3
1 305
1 464
1 137
0 1
0 1
0 2
0 2
1 959
0 0
0 0
1 754
1 396
0 0
0 0
0 0
0 0
1 390
0 1
1 774
1 509
0 2
0 0
0 0
0 0
1 750
0 0
1 970
1 979
0 3
1 143
1 800
1 690
0 1
0 2
0 3
1 108
0 2
0 0
1 797
0 1
0 1
0 0
1 880
0 0
0 0
0 3
1 169
1 527
0 3
0 1
1 777
1 350
0 0
0 1
1 408
0 0
0 1
1 953
0 0
0 1
0 2
0 0
0 3
1 966
0 1
1 132
1 217
0 1
1 880
0 0
1 27
1 294
1 240
0 0
1 929
1 359
0 0
1 729
1 930
0 0
1 155
0 1
0 3
1 443
1 54
1 714
0 1
0 0
1 177
0 2
0 1
0 0
1 317
1 730
1 741
0 2
0 3
0 1
1 883
0 1
0 3
1 63
0 0
0 0
0 1
0 0
0 0
1 287
0 0
0 1
0 0
0 0
0 0
1 570
1 71
1 940
1 798
1 862
0 3
0 1
1 177
1 985
0 3
1 978
0 0
1 86
1 82
1 700
1 953
1 327
1 113
0 0
0 3
0 2
1 545
0 2
0 0
1 690
1 236
0 3
0 3
1 748
0 3
0 2
1 174
0 3
1 930
0 0
0 0
1 326
0 2
1 375
1 731
0 3
1 608
1 106
1 576
1 624
0 2
1 762
1 816
0 3
1 632
0 3
0 2
1 687
0 0
0 3
0 2
1 805
1 714
0 0
1 626
1 45
1 861
0 2
1 284
1 780
0 3
1 396
1 281
0 1
0 0
0 0
0 1
1 953
0 0
1 672
0 0
1 912
0 0
1 20
0 1
1 926
0 1
1 796
1 389
1 485
1 211
1 11
0 0
0 2
1 351
1 482
1 937
0 0
0 3
0 1
1 664
0 0
1 0
0 2
0 1
1 979
1 66
1 528
0 1
0 2
1 626
0 1
1 932
1 357
0 2
1 804
1 601
0 1
1 73
0 0
0 1
0 1
0 1
0 3
0 1
1 355
1 3
1 78
0 0
1 291
0 1
0 2
1 168
0 1
1 651
1 227
0 3
1 226
0 3
0 0
0 0
1 918
0 1
1 304
1 202
0 3
1 619
0 3
0 1
1 970
0 1
0 1
1 279
0 3
1 7
1 37
0 2
1 61
1 20
1 301
1 300
1 347
1 731
0 1
1 642
0 1
0 2
0 0
0 0
0 1
0 3
0 2
1 801
0 2
1 977
1 734
1 589
1 547
1 768
0 0
1 650
1 545
1 784
0 0
1 446
0 0
0 1
1 942
0 0
1 594
0 0
1 377
0 1
0 2
0 1
1 598
1 540
0 2
0 1
1 495
0 0
1 360
0 0
0 1
1 186
1 4
0 1
1 985
1 418
0 3
0 3
0 0
1 778
0 0
0 0
1 815
0 3
0 2
1 719
0 0
0 3
1 669
0 0
0 2
0 2
1 921
0 3
1 748
1 269
0 3
0 2
0 0
1 620
1 825
0 2
1 943
1 990
0 1
0 0
0 3
0 1
1 482
1 771
0 3
0 1
1 849
1 310
0 1
1 710
1 449
1 704
1 813
1 119
0 1
0 2
0 3
1 587
0 2
1 75
0 0
1 544
0 0
1 291
1 604
0 2
0 3
1 586
1 429
1 433
0 1
1 729
1 668
1 314
0 1
0 0
0 2
0 0
0 0
0 0
1 264
1 271
0 2
1 593
1 690
0 0
0 3
0 2
1 623
1 22
0 0
1 153
1 713
1 754
0 1
1 856
0 2
1 31
0 1
0 1
1 301
1 411
1 916
0 0
0 0
1 418
0 3
0 1
0 1
0 1
0 1
0 3
1 508
0 0
0 0
1 728
0 3
0 1
0 0
0 1
1 877
0 3
1 406
1 488
1 305
1 811
1 799
1 393
1 845
0 3
0 1
0 0
0 2
0 3
0 2
1 786
0 2
1 614
0 1
0 1
1 553
0 2
1 184
0 3
1 370
1 132
0 1
0 1
0 1
1 424
1 161
1 615
1 62
0 1
1 196
0 1
1 999
0 0
0 2
1 655
1 37
0 3
0 1
1 58
0 0
0 3
0 0
1 644
0 0
1 152
0 0
1 824
1 524
1 195
0 0
0 3
0 1
1 645
1 840
1 418
0 0
1 800
1 539
0 0
1 406
0 0
1 422
0 0
0 3
0 2
1 468
1 105
0 0
0 0
0 0
0 2
1 593
0 0
1 923
1 520
1 441
0 0
1 416
0 2
0 3
1 481
0 2
1 57
1 857
1 40
0 2
1 644
0 1
1 752
1 384
1 80
0 3
1 378
0 0
0 2
0 0
1 840
0 3
0 2
1 431
0 0
0 3
0 1
0 1
0 1
0 3
1 686
0 1
0 2
0 1
1 772
0 0
0 1
1 289
1 440
0 1
1 779
0 1
0 0
1 413
0 0
1 692
0 0
0 2
0 2
1 427
0 2
0 0
1 518
1 786
1 268
1 248
1 847
0 1
1 394
0 2
0 1
0 0
1 16
0 1
1 336
0 1
0 0
1 745
0 3
0 1
1 983
0 0
1 60
1 566
1 43
1 241
1 757
1 981
1 129
1 671
1 316
0 2
0 1
0 1
0 1
1 379
0 1
0 0
1 315
0 1
1 508
1 582
0 0
1 927
0 1
1 493
1 542
1 277
1 680
1 867
0 3
1 188
1 788
1 182
0 2
1 428
0 0
0 1
1 96
1 678
1 226
1 306
1 578
0 3
1 919
0 2
1 250
1 30
0 1
1 278
1 228
0 0
0 0
1 639
1 581
0 3
1 996
0 1
1 697
0 2
1 221
0 0
1 81
1 72
0 0
1 94
0 1
0 0
0 0
0 2
0 2
1 716
0 2
0 1
1 524
0 3
1 609
1 713
0 1
0 0
1 119
0 2
0 0
1 65
1 186
0 1
1 750
1 416
0 1
0 0
1 569
1 769
0 0
0 2
0 1
1 855
1 56
1 670
1 194
1 842
1 270
1 199
0 3
1 822
1 919
1 79
1 786
1 751
1 891
1 910
1 840
0 0
1 671
1 245
1 585
1 377
0 3
0 3
1 187
0 2
0 3
1 778
1 503
1 867
1 646
0 3
1 340
1 189
0 0
0 1
0 0
1 990
0 1
0 2
0 0
1 161
0 1
0 1
0 3
1 465
1 559
1 341
1 970
1 547
1 911
0 2
1 665
1 252
0 0
0 3
0 1
0 2
0 0
1 170
1 559
1 608
1 477
1 456
1 627
0 1
1 737
1 138
1 651
0 3
1 503
1 388
0 3
1 583
1 993
0 0
1 253
1 16
1 624
0 3
1 41
0 3
1 694
1 731
0 0
0 0
0 2
1 511
0 0
1 667
1 508
1 353
1 311
0 1
1 880
1 338
0 2
1 852
0 0
0 3
1 181
1 83
0 2
0 3
1 742
0 3
1 195
0 3
0 2
0 0
0 0
0 1
1 172
0 1
1 610
0 1
1 690
1 779
0 0
0 0
1 284
0 0
1 457
1 622
1 616
0 0
1 468
1 841
1 888
0 2
1 509
1 310
1 156
1 486
1 474
1 911
0 2
1 216
0 1
0 0
1 981
0 3
1 106
1 79
0 2
1 38
0 1
0 3
0 0
0 3
0 1
0 3
0 2
1 815
0 3
1 214
0 3
1 177
1 119
1 541
0 1
0 2
1 811
1 525
0 3
1 715
0 0
1 97
0 0
1 429
0 2
0 1
1 492
1 342
0 3
0 1
1 835
0 0
0 1
1 403
1 898
1 370
1 785
1 751
1 218
1 370
0 1
0 0
0 3
1 517
1 639
1 4
1 307
0 2
0 2
0 3
1 184
0 1
1 588
1 381
1 876
1 343
0 1
0 2
0 0
0 0
0 3
1 474
1 663
1 692
1 498
1 499
1 583
0 1
0 0
1 142
0 0
0 2
0 3
1 463
0 1
0 2
0 1
0 3
0 2
0 1
0 1
1 617
1 732
1 58
1 739
1 526
1 606
1 583
1 0
0 1
1 565
1 919
0 2
0 3
0 2
1 954
0 1
0 0
1 382
0 0
0 2
0 1
0 1
1 515
1 396
1 129
1 445
0 2
1 489
0 3
1 221
1 233
0 1
0 2
0 0
0 0
1 638
1 902
1 92
0 2
0 0
0 1
1 33
0 0
0 0
0 1
0 1
0 3
0 2
1 827
1 197
0 1
0 0
0 0
1 933
0 0
1 715
0 0
1 184
0 1
1 111
1 703
1 866
1 495
1 939
0 1
1 788
0 1
1 795
0 0
1 57
0 0
1 969
1 292
0 2
0 1
0 1
1 229
1 674
1 286
0 3
0 1
1 348
0 0
0 1
1 460
1 654
0 1
0 0
1 206
0 1
0 1
1 756
0 0
1 967
1 581
0 0
1 905
1 908
0 1
1 659
0 2
0 0
0 1
1 668
0 1
0 1
1 779
0 3
0 0
1 498
0 1
0 1
0 1
0 1
1 977
1 693
0 3
1 682
1 479
1 561
0 3
1 585
1 839
1 944
0 0
0 1
1 694
1 873
1 607
0 3
0 1
1 732
1 917
0 0
0 3
0 0
1 215
1 593
1 863
0 0
1 345
0 0
1 943
1 798
1 104
0 3
0 0
0 3
0 0
1 568
1 860
0 2
0 3
0 1
1 318
1 869
0 0
1 917
1 794
0 0
0 1
1 603
1 756
0 3
1 646
1 435
1 634
0 0
1 357
1 665
0 2
0 0
1 726
0 1
0 0
1 780
0 0
0 0
0 1
1 688
1 18
0 1
1 996
0 0
0 1
0 0
0 2
0 2
0 1
0 2
1 302
0 0
1 123
1 251
1 850
1 865
1 986
0 1
1 492
0 0
1 225
0 0
0 0
0 3
0 0
1 183
1 491
0 3
1 183
0 1
0 0
0 1
1 463
1 991
1 494
1 236
0 3
0 0
1 567
1 980
1 144
1 520
0 2
1 643
1 61
0 0
0 3
1 543
0 2
1 146
1 919
1 451
0 2
0 0
1 619
1 414
1 803
0 3
1 604
0 0
1 644
1 377
1 868
0 0
1 215
1 717
1 806
1 990
0 1
1 414
1 8
0 2
1 68
0 0
0 1
0 0
0 0
1 148
0 2
0 0
1 557
0 1
0 0
0 1
1 750
0 0
0 1
1 674
0 1
1 935
1 732
1 30
0 3
0 0
0 1
0 0
1 846
1 588
0 2
0 0
0 0
0 3
0 1
1 931
0 2
1 510
1 431
1 389
0 2
1 961
0 3
1 77
1 487
1 865
1 512
1 111
1 818
0 0
1 461
0 1
1 995
0 1
0 2
0 1
1 0
0 0
1 496
0 3
0 3
1 110
0 3
0 1
1 789
0 2
1 894
1 838
1 945
1 336
0 3
0 3
1 231
1 684
0 2
1 208
1 470
1 688
1 35
1 865
0 1
0 0
0 0
1 801
1 873
0 1
1 529
1 705
1 258
0 3
0 1
1 668
0 2
1 51
0 0
1 174
1 653
1 247
1 596
0 2
1 781
0 0
1 400
1 976
1 362
1 262
0 3
1 761
0 2
0 2
0 0
1 452
1 120
1 70
0 2
0 0
1 359
0 3
0 3
0 3
0 2
1 404
0 0
1 684
0 3
1 101
0 1
1 512
0 2
1 440
1 949
0 2
0 1
0 1
0 3
1 333
1 562
1 540
0 0
1 207
0 3
1 357
1 201
0 2
0 0
1 617
1 69
0 2
0 1
1 259
0 0
1 29
0 2
0 0
1 271
0 0
0 2
0 0
0 2
0 0
1 378
0 1
1 202
0 0
1 129
0 1
1 340
1 415
1 574
0 1
1 355
1 293
0 3
1 360
0 1
1 170
0 2
0 1
0 0
1 191
0 0
1 217
0 0
0 1
0 1
0 0
0 3
0 2
1 80
1 863
1 318
0 0
1 207
1 172
0 2
1 285
0 1
1 569
1 937
1 386
1 414
0 3
0 1
0 0
1 246
0 1
1 352
1 424
0 2
0 3
1 338
1 446
0 1
1 948
1 129
1 267
0 2
0 1
1 537
0 1
0 0
0 0
1 138
1 202
1 293
0 0
1 830
0 1
0 2
0 1
1 480
0 0
0 3
0 1
0 3
0 0
0 2
1 374
1 347
0 3
1 364
0 3
0 1
0 2
1 712
0 0
0 3
0 0
1 520
0 3
0 1
1 641
1 341
1 32
0 0
1 334
0 1
1 271
1 385
0 1
1 139
0 0
0 2
1 225
0 3
0 3
1 593
1 242
1 235
1 12
0 3
0 0
1 118
0 2
1 373
0 1
1 995
1 95
0 3
0 0
0 0
1 390
1 671
0 1
0 1
1 192
0 0
1 60
1 578
1 699
1 166
0 0
0 3
0 1
0 3
1 783
0 1
0 1
1 893
1 656
1 892
1 264
1 597
1 471
1 402
0 2
1 200
1 596
1 827
0 3
1 448
0 3
0 1
0 3
0 1
1 565
1 16
1 157
1 568
0 2
1 494
0 0
1 891
0 3
1 766
1 651
0 1
0 0
0 3
0 1
1 211
0 1
0 2
1 928
1 992
1 75
1 702
1 567
0 2
0 1
0 0
1 703
1 661
1 222
0 3
0 0
1 678
1 72
1 932
0 2
0 0
1 756
0 3
0 0
1 436
0 0
0 0
1 838
0 1
1 687
0 0
1 361
1 994
1 862
0 2
1 840
1 169
0 0
0 0
1 556
1 636
1 886
0 1
0 2
0 0
1 220
1 595
0 3
1 168
1 607
1 955
1 652
1 138
1 130
0 2
1 285
1 968
0 0
1 439
1 920
0 1
1 178
0 2
0 0
0 0
1 350
0 0
1 242
0 0
0 1
1 71
0 3
0 2
0 3
1 404
1 188
0 0
1 663
0 1
0 2
1 209
0 0
0 1
0 2
1 527
0 3
0 0
0 0
1 183
0 3
1 246
1 466
1 673
0 2
1 40
0 1
1 319
0 0
1 924
0 0
0 0
0 0
1 649
0 0
1 979
0 1
1 40
1 848
1 209
1 612
1 996
1 603
0 0
0 1
1 486
1 8
1 785
0 3
0 0
1 219
0 1
0 0
1 631
0 2
0 0
1 902
1 470
0 2
0 1
1 93
1 242
1 222
1 166
1 190
1 915
1 286
0 1
0 0
0 1
1 841
0 1
1 414
0 2
1 11
1 36
0 0
1 902
0 1
0 0
0 0
0 0
1 896
1 671
0 2
1 195
1 995
1 442
1 421
0 2
0 0
1 697
0 0
0 3
0 0
1 651
0 0
0 0
0 0
1 811
1 434
1 268
0 3
0 0
1 711
1 984
0 2
1 780
0 3
0 3
0 0
1 36
1 245
1 272
0 2
1 943
0 3
0 2
1 594
1 724
0 0
1 333
1 802
1 77
1 966
1 78
1 287
1 224
0 0
0 0
0 3
1 161
0 1
0 0
1 758
0 2
1 176
1 253
1 494
1 510
0 3
1 894
1 667
1 924
1 229
0 3
1 268
1 116
1 934
0 0
0 3
0 0
1 385
0 2
1 881
1 717
1 184
0 0
1 950
1 464
0 3
0 1
1 179
0 2
1 676
1 939
1 75
0 3
0 2
0 1
0 1
0 0
1 855
0 0
1 448
1 96
1 789
1 662
1 433
1 230
0 2
0 1
0 1
1 717
0 3
0 3
0 2
1 803
0 1
0 0
1 761
1 634
1 911
1 185
1 521
1 642
0 0
0 0
0 3
0 2
0 0
0 1
1 667
1 273
0 3
1 277
1 109
0 1
0 0
1 359
0 0
1 327
0 2
0 0
1 521
0 0
1 789
1 30
0 3
1 505
1 623
0 1
1 569
0 2
1 940
0 1
0 1
1 906
1 607
1 440
0 1
1 962
1 595
0 1
1 652
1 801
0 1
1 113
1 506
1 923
0 3
0 1
0 1
1 59
0 1
0 2
0 0
1 323
1 976
1 878
1 174
0 0
0 1
1 98
1 235
1 471
1 181
1 498
1 500
0 0
0 1
0 2
0 1
1 341
1 113
1 380
1 880
1 470
0 1
1 545
1 838
1 99
0 1
1 201
0 3
0 2
0 3
0 2
1 296
0 0
0 0
0 2
0 1
0 0
1 54
0 3
1 823
1 698
0 2
0 0
0 1
0 0
1 431
1 444
1 227
1 720
0 0
1 966
0 3
0 0
0 2
0 0
0 1
0 1
0 1
0 0
0 1
1 945
1 795
1 818
1 170
1 299
0 1
1 436
1 846
0 0
1 902
0 0
0 1
1 267
0 1
1 751
1 484
0 1
0 2
1 88
1 611
0 2
1 832
1 503
0 2
0 3
0 1
0 1
1 16
0 1
0 0
0 3
1 892
0 1
1 634
0 2
0 0
0 1
0 3
0 2
0 2
0 2
1 995
1 590
0 3
1 944
0 0
0 1
1 464
1 742
0 0
0 1
0 1
1 528
0 1
0 0
1 626
1 969
1 550
0 2
1 539
1 632
1 686
1 732
0 1
0 0
0 1
1 966
1 405
1 607
0 3
1 917
1 510
1 536
0 1
1 146
1 634
0 0
0 2
1 845
1 384
1 410
0 2
0 3
1 306
0 1
0 1
1 872
0 1
1 476
0 1
0 1
0 1
0 1
0 1
1 309
0 0
1 488
0 0
1 444
0 0
0 1
1 571
0 0
0 0
1 641
0 1
1 448
1 528
1 682
0 1
1 440
0 2
1 145
0 1
0 0
1 251
1 246
1 770
0 1
1 52
1 570
1 533
0 2
1 918
0 1
0 1
1 92
1 900
1 860
0 3
0 1
0 1
0 0
1 204
1 57
1 609
1 579
1 703
1 505
1 3
0 0
1 518
0 3
0 0
1 606
0 3
1 256
1 968
1 356
0 2
0 1
0 0
1 179
0 0
0 0
1 581
0 1
0 0
0 0
1 350
1 541
0 0
0 0
0 1
1 522
1 415
1 947
0 0
1 688
1 949
0 3
1 302
1 436
1 867
1 383
0 2
0 1
1 922
0 1
1 426
0 0
1 312
0 0
1 962
0 0
0 1
0 2
0 0
0 0
1 200
1 320
0 2
1 258
0 1
0 1
0 1
0 1
1 190
1 292
1 455
1 934
0 3
0 1
1 734
1 649
0 3
1 428
1 324
1 823
0 2
0 3
1 589
0 3
1 81
1 172
1 653
1 641
0 1
0 0
1 254
1 963
1 627
0 3
0 2
0 3
0 0
1 109
1 644
1 972
1 707
1 103
0 3
0 3
1 662
1 829
0 1
1 279
0 0
0 2
1 756
0 1
0 0
1 635
0 3
1 313
0 2
0 3
0 0
0 0
1 779
0 0
0 2
0 0
1 77
0 1
0 3
1 900
1 558
1 456
0 0
0 0
0 2
1 567
0 2
1 241
0 0
0 0
1 406
1 55
0 3
0 0
0 1
0 0
0 1
0 1
1 319
0 3
0 0
1 725
1 390
1 855
1 859
1 540
0 3
0 3
0 0
0 1
1 713
1 955
0 1
0 1
0 0
1 128
1 175
0 1
1 141
1 784
1 418
1 868
0 1
0 0
0 1
0 0
0 2
0 1
0 1
0 1
1 382
1 203
0 1
1 147
1 529
1 155
0 0
0 1
1 814
1 663
0 0
0 0
1 117
0 2
1 654
0 1
1 707
1 101
1 963
1 679
0 1
0 1
0 1
1 554
0 1
1 171
0 2
0 3
1 445
0 1
1 579
0 2
0 0
0 1
0 0
0 0
0 0
0 0
1 430
0 0
1 444
0 1
1 487
1 101
1 604
0 0
1 313
1 119
0 0
0 3
1 728
1 993
1 386
0 0
0 0
0 3
0 1
0 0
1 209
1 232
1 234
0 2
1 323
0 0
1 584
0 3
0 3
0 0
1 184
0 0
1 84
1 300
1 697
0 0
1 125
0 1
1 801
0 0
1 330
0 2
0 1
1 723
0 1
0 0
0 0
1 186
0 0
1 980
0 1
1 772
0 0
1 821
0 0
1 124
0 0
1 526
1 126
1 598
1 645
1 116
1 142
1 628
1 273
1 862
0 0
1 294
1 939
1 478
1 292
1 329
0 3
0 2
1 18
1 597
1 195
1 436
0 3
0 0
1 583
1 953
1 980
1 147
1 720
1 134
0 1
0 2
1 596
1 723
1 832
0 1
0 0
0 0
0 0
1 743
1 518
0 0
1 60
0 1
1 317
1 512
1 426
0 0
0 2
0 0
1 706
0 3
0 0
0 1
1 266
0 0
0 0
0 0
0 1
0 1
0 1
1 761
0 0
1 746
0 1
0 3
0 1
1 361
0 3
0 1
0 0
1 657
1 149
0 3
0 2
1 305
1 591
0 1
1 719
0 2
0 1
0 3
0 0
0 1
0 0
1 617
1 610
1 122
0 3
0 2
0 2
0 0
0 0
0 0
0 0
1 641
1 26
1 203
1 762
1 303
0 1
0 1
0 1
0 3
0 1
1 857
0 0
1 122
0 1
1 861
0 1
0 0
1 765
0 1
0 1
0 0
1 466
0 3
1 31
1 776
1 90
0 2
0 0
1 182
1 43
0 2
0 1
1 719
0 0
1 256
1 805
0 0
0 1
0 0
0 1
1 11
1 549
0 2
0 0
1 817
0 0
1 992
1 903
1 300
1 553
0 3
0 1
0 1
0 0
1 846
0 0
1 371
0 1
0 0
0 1
0 0
0 3
1 590
0 1
0 0
0 2
1 132
0 3
1 79
0 2
1 642
0 1
0 2
0 3
1 700
1 107
0 0
1 481
0 3
1 558
0 3
0 1
1 768
0 2
0 0
0 2
0 0
0 3
1 439
1 53
0 0
0 2
1 996
1 870
1 974
0 1
1 178
0 2
0 0
0 0
0 0
1 317
1 886
0 0
0 0
1 462
0 0
0 1
1 254
1 668
0 2
0 0
0 1
0 0
0 0
0 0
0 1
0 0
1 600
1 71
0 0
1 681
1 340
0 1
0 0
1 289
0 2
1 583
1 429
1 88
0 1
0 1
1 323
1 426
1 851
0 0
1 833
0 0
0 2
1 137
1 294
0 0
0 0
1 138
1 467
1 733
0 0
0 0
1 99
0 0
0 0
0 3
1 533
0 2
1 434
1 580
0 3
0 2
1 862
0 1
1 851
0 0
0 0
1 126
1 645
0 0
1 364
1 417
1 356
1 407
0 1
1 818
0 1
0 1
1 764
0 3
0 3
1 318
0 1
0 0
1 540
0 3
1 462
0 0
1 443
0 1
0 0
0 3
1 439
0 1
1 888
1 254
1 524
0 2
0 0
1 625
0 1
1 900
0 0
0 0
1 19
1 598
0 3
1 9
0 3
0 0
0 1
1 599
0 0
0 0
1 115
1 761
1 297
0 0
1 718
0 3
0 3
1 478
1 416
0 2
0 0
0 0
1 757
1 873
1 422
1 815
0 3
0 0
0 3
1 752
1 302
1 513
1 232
1 565
1 264
1 396
0 3
0 1
1 134
1 582
0 3
1 498
0 1
1 202
0 1
0 0
1 653
0 1
1 630
1 155
1 401
0 0
1 98
1 33
0 1
0 1
1 774
0 2
1 875
0 0
1 287
1 201
0 3
1 917
1 791
0 1
1 300
1 714
0 1
1 946
0 2
1 598
0 0
1 602
1 766
0 3
0 2
1 182
1 602
1 585
0 3
0 1
1 450
0 2
1 625
0 1
0 3
0 1
1 961
1 800
1 393
1 760
1 816
0 1
1 633
0 1
1 547
0 1
0 1
0 1
0 0
1 943
0 1
0 2
0 1
0 0
1 598
1 587
0 1
1 33
1 7
0 3
1 951
0 2
1 194
1 139
1 352
0 2
0 3
1 779
1 140
0 3
1 634
1 787
1 610
1 869
0 3
1 117
1 300
1 689
1 810
0 1
1 844
1 328
0 0
1 4
1 582
1 46
1 510
1 647
1 91
0 0
1 420
0 2
1 480
1 438
1 310
0 3
1 592
1 265
1 479
1 287
1 522
1 787
0 3
0 1
0 3
0 3
1 7
0 3
0 2
1 908
1 225
1 11
1 554
1 953
0 1
0 0
0 0
0 1
0 3
0 3
0 2
0 0
0 0
0 0
0 3
1 76
0 2
1 688
0 2
0 2
0 0
0 2
1 130
1 614
0 2
1 18
0 1
0 1
1 294
0 0
0 1
1 251
0 0
1 214
1 794
1 911
0 1
1 677
1 898
1 269
0 1
1 164
0 0
0 0
1 303
1 283
0 1
0 2
1 161
0 3
1 199
0 2
0 1
0 0
1 992
0 1
0 0
0 3
1 697
0 0
1 363
0 0
0 2
0 2
1 658
0 1
0 1
0 1
0 0
0 1
0 1
0 0
0 1
0 1
0 1
0 0
0 0
0 0
0 2
0 0
0 1
0 2
0 0
0 0
0 2
0 3
0 0
0 1
0 0
0 1
0 1
